# Time, Flux
2.458956117504291702e+06,9.997205646355189490e-01
2.458956138337906916e+06,9.999698294367755924e-01
2.458956159171522595e+06,9.970771085677526679e-01
2.458956180005138740e+06,9.951021650803602014e-01
2.458956200838754419e+06,9.946820354304205525e-01
2.458956221672371030e+06,9.945382932419434274e-01
2.458956242505987175e+06,9.944191625974297954e-01
2.458956263339604251e+06,9.945738565425602529e-01
2.458956284173221793e+06,9.949875364140303713e-01
2.458956305006839335e+06,9.953064054354240353e-01
2.458956325840457343e+06,9.989944739442259136e-01
2.458956346674075816e+06,9.997946638481106651e-01
2.458956367507694755e+06,9.999107401009856844e-01
2.458961742587156594e+06,9.997143704064842540e-01
2.458961763420793694e+06,9.997386399773738885e-01
2.458961784254430793e+06,9.986821086333422803e-01
2.458961805088067427e+06,9.954317154156080427e-01
2.458961825921704061e+06,9.952330269384485062e-01
2.458961846755340695e+06,9.947458466087985007e-01
2.458961867588976864e+06,9.945533596927508269e-01
2.458961888422613498e+06,9.945281956659316469e-01
2.458961909256249666e+06,9.949793592368167960e-01
2.458961930089885835e+06,9.953329078505860350e-01
2.458961950923521537e+06,9.975144262324603384e-01
2.458961971757157240e+06,9.999738818868559864e-01
2.458961992590792943e+06,1.000258736285232652e+00
2.458967388497371692e+06,9.999735424488935820e-01
2.458967409330965485e+06,9.997056478116379541e-01
2.458967430164559744e+06,9.964950270074758309e-01
2.458967450998153072e+06,9.953275586373206973e-01
2.458967471831746399e+06,9.951449416867451658e-01
2.458967492665339261e+06,9.943524747595151592e-01
2.458967513498931658e+06,9.946395935217374751e-01
2.458967534332524054e+06,9.951882004394613235e-01
2.458967555166116450e+06,9.953482101254916836e-01
2.458967575999707915e+06,9.960454039149457817e-01
2.458967596833299380e+06,9.994701783359803970e-01
2.458967617666890379e+06,1.000062336013734843e+00
2.458973013530537486e+06,9.998884549323051596e-01
2.458973034363956191e+06,9.999366830636490233e-01
2.458973055197374895e+06,9.983597768987410026e-01
2.458973076030793600e+06,9.953670749789813588e-01
2.458973096864212304e+06,9.950277266261653430e-01
2.458973117697631009e+06,9.949944610504510845e-01
2.458973138531049248e+06,9.948536674767787247e-01
2.458973159364467952e+06,9.950805541639137219e-01
2.458973180197886657e+06,9.949927799677465989e-01
2.458973201031304896e+06,9.956640755626674499e-01
2.458973221864723135e+06,9.986565437536548684e-01
2.458973242698141374e+06,1.000026739420577959e+00
2.458973263531559613e+06,1.000216272665830353e+00
2.458978638549347874e+06,1.000230803333499230e+00
2.458978659382730722e+06,1.000029804799974054e+00
2.458978680216113105e+06,9.996020592969583340e-01
2.458978701049495954e+06,9.956900670692385713e-01
2.458978721882877871e+06,9.952186323298460868e-01
2.458978742716259789e+06,9.948099875833879002e-01
2.458978763549641706e+06,9.946995806462849421e-01
2.458978784383023623e+06,9.948489282459186400e-01
2.458978805216405075e+06,9.950972346327623397e-01
2.458978826049786527e+06,9.953419682747443042e-01
2.458978846883167513e+06,9.963675874580001368e-01
2.458978867716548964e+06,9.998972707943271088e-01
2.458978888549929485e+06,9.999447030488365362e-01
2.458984284375609364e+06,1.000087358626636780e+00
2.458984305208787322e+06,9.997923527943942679e-01
2.458984326041965280e+06,9.968529958692220472e-01
2.458984346875143703e+06,9.950798154638601511e-01
2.458984367708322592e+06,9.946994352058332600e-01
2.458984388541502412e+06,9.948172668748394010e-01
2.458984409374682233e+06,9.947603676615516255e-01
2.458984430207862053e+06,9.944941753244131988e-01
2.458984451041042805e+06,9.945292308626169087e-01
2.458984471874223091e+06,9.950296505882749720e-01
2.458984492707404308e+06,9.990253803543811539e-01
2.458984513540585991e+06,9.997174873107420590e-01
2.458984534373767674e+06,9.992673770399117528e-01
2.458989909335716162e+06,9.999687074700991385e-01
2.458989930168889463e+06,1.000109494052243697e+00
2.458989951002062764e+06,9.990937087292508512e-01
2.458989971835236065e+06,9.956316820354711439e-01
2.458989992668408900e+06,9.949180335392739938e-01
2.458990013501581270e+06,9.948237387158391787e-01
2.458990034334754106e+06,9.947111452130148468e-01
2.458990055167926475e+06,9.948875754768370383e-01
2.458990076001098845e+06,9.946809851746721831e-01
2.458990096834271215e+06,9.951275444775629087e-01
2.458990117667443119e+06,9.972739736094896612e-01
2.458990138500615023e+06,9.999531506123768843e-01
2.458990159333786462e+06,1.000281751978745914e+00
2.458995555119993631e+06,9.992690204145677768e-01
2.458995575953103602e+06,9.992131170623355096e-01
2.458995596786212176e+06,9.961087209826102740e-01
2.458995617619318422e+06,9.950067626947444177e-01
2.459001180022908375e+06,9.997628675776032425e-01
2.459001200855878182e+06,1.000101670749587557e+00
2.459001221688847989e+06,9.981052648642219083e-01
2.459001242521817796e+06,9.953482354284539646e-01
2.459001263354787137e+06,9.942246723323376889e-01
2.459001284187756944e+06,9.946741452475718059e-01
2.459001305020726286e+06,9.942795602340787076e-01
2.459001325853695627e+06,9.948040644938208610e-01
2.459001346686664969e+06,9.951323191765455434e-01
2.459001367519634310e+06,9.952100919363414677e-01
2.459001388352603186e+06,9.981589012502879443e-01
2.459001409185572062e+06,9.997880766790543383e-01
2.459001430018541403e+06,9.998836686382209793e-01
2.459006804920576978e+06,9.996389475785326661e-01
2.459006825753515121e+06,1.000151630737267761e+00
2.459006846586453728e+06,9.997743827943500472e-01
2.459006867419391870e+06,9.961153602733684442e-01
2.459006888252330478e+06,9.949996612851718103e-01
2.459006909085268155e+06,9.950768477412376134e-01
2.459006929918206297e+06,9.947600977171554559e-01
2.459006950751144439e+06,9.950504480369966043e-01
2.459006971584082115e+06,9.951363276677471781e-01
2.459006992417019792e+06,9.953869625276313693e-01
2.459007013249957468e+06,9.966286294082739028e-01
2.459007034082895145e+06,1.000122028899105953e+00
2.459007054915832821e+06,9.998992364528529464e-01
