# Time, Flux
2.459421980086054653e+06,1.000004267604401642e+00
2.459421981474947184e+06,1.000418699409624246e+00
2.459421982863840181e+06,9.998362906520184001e-01
2.459421984252732713e+06,1.000372576739783970e+00
2.459421985641625710e+06,9.994594536926069139e-01
2.459421987030518241e+06,9.999879089787923059e-01
2.459421988419411238e+06,1.000234592355774277e+00
2.459421989808303770e+06,1.000251071439663519e+00
2.459421991197196301e+06,9.993369830678776600e-01
2.459421992586089298e+06,1.000039119540067967e+00
2.459421993974981830e+06,9.999751057472294757e-01
2.459421995363874827e+06,9.999762916487570097e-01
2.459421996752767358e+06,1.000000000000000000e+00
2.459421998141660355e+06,9.998332085064373098e-01
2.459421999530552886e+06,1.000121626725445800e+00
2.459422000919445418e+06,9.995100553057821857e-01
2.459422002308338415e+06,9.999256725566719739e-01
2.459422003697230946e+06,1.000291744196412536e+00
2.459422005086123943e+06,1.000228198290919357e+00
2.459422006475016475e+06,1.000101831883266179e+00
2.459422007863909006e+06,1.000107522139839888e+00
2.459422009252802003e+06,9.999117997997712948e-01
2.459422010641694535e+06,9.999376423940673497e-01
2.459422012030587066e+06,9.996038039562226141e-01
2.459422013419480063e+06,9.999506829580456779e-01
2.459422014808373060e+06,9.996969775646029621e-01
2.459422016197265126e+06,1.000494854004434719e+00
2.459422017586158123e+06,1.000170484144144778e+00
2.459422018975051120e+06,9.999216342007790637e-01
2.459422020363943186e+06,9.999260208675689876e-01
2.459422021752836183e+06,9.997605160144837910e-01
2.459422023141729180e+06,1.000161473683287117e+00
2.459422024530621711e+06,9.998022480883093088e-01
2.459422025919514243e+06,1.000115118169215611e+00
2.459422027308407240e+06,1.000065561704945871e+00
2.459422028697299771e+06,9.997506758013615658e-01
2.459422030086192768e+06,1.000062361494646224e+00
2.459422031475085299e+06,1.000001185564425299e+00
2.459422032863977831e+06,1.000085242082178416e+00
2.459422034252870828e+06,9.998768198708162247e-01
2.459422035641762894e+06,9.999765258522094191e-01
2.459422037030655891e+06,9.997123962889874482e-01
2.459422038419548888e+06,9.999830464488178583e-01
2.459422039808441419e+06,1.000125314011185207e+00
2.459422041197333951e+06,1.000677312153170906e+00
2.459422042586226948e+06,9.997021865694442067e-01
2.459422043975119479e+06,1.000043745164618247e+00
2.459422045364012010e+06,1.000004504922101578e+00
2.459422046752904542e+06,1.000355175942496677e+00
2.459422048141797539e+06,9.996931910947648436e-01
2.459422049530690536e+06,9.999071748945908000e-01
2.459422050919582602e+06,9.994272821401889439e-01
2.459422052308475599e+06,1.000096025971112912e+00
2.459422053697368130e+06,1.000008061439550122e+00
2.459422055086260661e+06,9.999459409347808414e-01
2.459422056475153659e+06,1.000021813307018226e+00
2.459422057864046190e+06,9.993432297778196416e-01
2.459422059252939187e+06,9.982350189408264463e-01
2.459422060641831253e+06,9.964409929891556716e-01
2.459422062030724250e+06,9.945904184100518020e-01
2.459422063419617247e+06,9.922795711978042998e-01
2.459422064808509313e+06,9.901192832242153852e-01
2.459422066197402310e+06,9.881764170173195083e-01
2.459422067586294841e+06,9.864421998340766606e-01
2.459422068975187838e+06,9.833166730249295329e-01
2.459422070364080369e+06,9.815799070041817398e-01
2.459422071752972901e+06,9.804512461918589716e-01
2.459422073141865898e+06,9.785192273631814208e-01
2.459422074530757964e+06,9.777813685431722135e-01
2.459422075919650961e+06,9.773539344211377156e-01
2.459422077308543492e+06,9.770763482342720296e-01
2.459422078697436489e+06,9.763406826000229355e-01
2.459422080086329021e+06,9.760908372492566043e-01
2.459422081475221552e+06,9.762359431611606908e-01
2.459422082864114549e+06,9.759082693535602315e-01
2.459422084253007080e+06,9.752581379639506665e-01
2.459422085641899612e+06,9.749280338694269465e-01
2.459422087030792143e+06,9.747971540273173696e-01
2.459422088419685140e+06,9.748505610643376507e-01
2.459422089808577206e+06,9.752721269325819176e-01
2.459422091197470203e+06,9.755285518406281442e-01
2.459422092586362734e+06,9.753430201803913180e-01
2.459422093975255731e+06,9.758856261924706565e-01
2.459422095364148263e+06,9.756798223827766181e-01
2.459422096753040794e+06,9.761666503462033129e-01
2.459422098141933791e+06,9.754093492308082425e-01
2.459422099530825857e+06,9.761030479591635833e-01
2.459422100919718854e+06,9.757953499245662909e-01
2.459422102308611386e+06,9.758808841692058200e-01
2.459422103697504383e+06,9.753196064405211807e-01
2.459422105086396448e+06,9.757076224941667597e-01
2.459422106475289445e+06,9.760054215551986490e-01
2.459422107864181977e+06,9.756394559097346653e-01
2.459422109253074508e+06,9.766660446712817079e-01
2.459422110641967040e+06,9.765745236222703740e-01
2.459422112030860037e+06,9.768454709765651556e-01
2.459422113419752568e+06,9.781280104438320189e-01
2.459422114808645099e+06,9.782721086757923956e-01
2.459422116197537631e+06,9.794085345512113516e-01
2.459422117586430628e+06,9.815867236626250047e-01
2.459422118975322694e+06,9.834054674105636717e-01
2.459422120364215691e+06,9.855882207193696898e-01
2.459422121753108222e+06,9.879601214811519760e-01
2.459422123142001219e+06,9.896900708434566152e-01
2.459422124530893285e+06,9.916427767486269973e-01
2.459422125919786282e+06,9.942718137219452856e-01
2.459422127308678813e+06,9.960602085209889767e-01
2.459422128697571810e+06,9.973981703851637626e-01
2.459422130086463876e+06,9.994642699216547133e-01
2.459422131475356873e+06,9.999655017807482782e-01
2.459422132864249405e+06,9.998984021515507914e-01
2.459422134253141936e+06,1.000104087410663256e+00
2.459422135642034467e+06,9.999843513232260506e-01
2.459422137030927464e+06,1.000096855825184372e+00
2.459422138419819996e+06,9.997694191187471713e-01
2.459422139808712061e+06,1.000022643161089686e+00
2.459422141197605059e+06,9.999505644074639932e-01
2.459422142586497590e+06,9.996920055889486623e-01
2.459422143975390121e+06,1.000306333758691490e+00
2.459422145364282653e+06,9.997876768648159551e-01
2.459422146753175650e+06,1.000196793358911762e+00
2.459422148142068181e+06,1.000246940100369297e+00
2.459422149530960713e+06,1.000048131387782036e+00
2.459422150919853244e+06,9.997836458554133499e-01
2.459422152308745775e+06,1.000009721117729455e+00
2.459422153697638307e+06,9.994051118414634116e-01
2.459422155086530838e+06,9.999320694617613858e-01
2.459422156475423835e+06,1.000311788731955254e+00
2.459422157864316367e+06,1.000348781227745398e+00
2.459422159253208898e+06,1.000415421774621505e+00
2.459422160642101429e+06,1.000056434137863715e+00
2.459422162030993961e+06,1.000123657155024715e+00
2.459422163419886492e+06,9.998124394829827066e-01
2.459422164808779024e+06,1.000075047918629556e+00
2.459422166197672021e+06,1.000194081268241053e+00
2.459422167586564552e+06,9.999266119089547100e-01
2.459422168975457083e+06,1.000069712758537399e+00
2.459422170364349615e+06,9.997058535499243614e-01
2.459422171753242146e+06,9.997086969089149511e-01
2.459422173142134678e+06,9.999845871380378393e-01
2.459422174531027209e+06,9.996058989014491303e-01
2.459422175919920206e+06,9.998776455881156489e-01
2.459422177308812737e+06,1.000086667091900638e+00
2.459422178697704803e+06,1.000004386706429882e+00
2.459422180086597800e+06,9.997887267335612282e-01
2.459422181475490332e+06,9.998330680363940459e-01
2.459422182864383329e+06,9.996843871467080422e-01
2.459422184253275394e+06,1.000345980883074137e+00
2.459422185642167926e+06,1.000069006468111477e+00
2.459422187031060923e+06,1.000104102541240270e+00
2.459422188419952989e+06,9.997110502357602346e-01
2.459422189808845520e+06,1.000229180933663864e+00
2.459422191197738517e+06,9.997354874997391727e-01
2.459422192586631048e+06,9.999217506420596813e-01
2.459422193975523580e+06,9.997505516259137526e-01
2.459422195364416111e+06,9.994786955794404681e-01
2.459422196753308643e+06,1.000055248546732001e+00
2.459422198142201174e+06,1.000477659999502000e+00
2.459422199531093705e+06,1.000688354211000330e+00
2.459422200919986237e+06,1.000081686444507900e+00
2.459422202308879234e+06,1.000129228192327524e+00
2.459422203697771300e+06,9.996560705737017605e-01
2.459422205086663831e+06,9.998561957407146039e-01
2.459422206475556828e+06,9.997281589723484574e-01
2.459422207864448894e+06,1.000202132120429965e+00
2.459422209253341425e+06,1.000010551178133866e+00
2.459424199535228312e+06,1.000173080705434980e+00
2.459424200924118981e+06,9.993986638643651554e-01
2.459424202313010115e+06,1.000014542593707256e+00
2.459424203701901250e+06,9.998806792106470498e-01
2.459424205090791453e+06,9.997287567870404290e-01
2.459424206479682587e+06,9.996228312948461925e-01
2.459424207868573721e+06,9.999908799903292067e-01
2.459424209257464856e+06,1.000160226052255297e+00
2.459424210646355525e+06,9.999838461100568621e-01
2.459424212035246659e+06,1.000203207725446353e+00
2.459424213424137328e+06,1.000305497093843421e+00
2.459424214813028462e+06,9.996545053668501879e-01
2.459424216201919131e+06,9.998194437663898704e-01
2.459424217590810265e+06,9.994733508370413633e-01
2.459424218979701400e+06,1.000389828824070904e+00
2.459424220368591603e+06,9.999128414527004294e-01
2.459424221757482737e+06,9.998036813356393493e-01
2.459424223146373872e+06,1.000841598640374253e+00
2.459424224535265006e+06,1.000492018808675443e+00
2.459424225924155209e+06,9.995993143810605330e-01
2.459424227313046344e+06,9.997735716772627734e-01
2.459424228701937478e+06,1.000113747269663067e+00
2.459424230090828147e+06,9.999259547191048370e-01
2.459424231479719281e+06,9.995863122349989416e-01
2.459424232868609950e+06,9.997385164235056410e-01
2.459424234257501084e+06,1.000159479905919468e+00
2.459424235646391753e+06,1.000551771059903006e+00
2.459424237035282888e+06,1.000045071704252386e+00
2.459424238424173556e+06,9.998483301380713950e-01
2.459424239813064225e+06,9.997932455441672639e-01
2.459424241201955359e+06,1.000175457705839488e+00
2.459424242590846494e+06,1.000014725808135330e+00
2.459424243979737163e+06,1.000150952215158151e+00
2.459424245368627831e+06,9.999852744087108780e-01
2.459424246757518966e+06,1.000415959365831498e+00
2.459424248146410100e+06,9.995731900387002655e-01
2.459424249535300303e+06,1.000230545344370281e+00
2.459424250924191438e+06,9.998452894759104481e-01
2.459424252313082572e+06,1.000057055095010972e+00
2.459424253701973706e+06,1.000049423901529844e+00
2.459424255090863910e+06,1.000000000000000000e+00
2.459424256479755044e+06,9.998588221715010160e-01
2.459424257868646178e+06,1.000400202724860632e+00
2.459424259257537313e+06,1.000133862606402246e+00
2.459424260646427516e+06,1.000194801396488087e+00
2.459424262035318650e+06,9.997939291012357677e-01
2.459424263424209785e+06,1.000041500693705565e+00
2.459424264813099988e+06,1.000183176982953448e+00
2.459424266201991122e+06,1.000316087625858108e+00
2.459424267590882257e+06,1.000026107435063816e+00
2.459424268979773391e+06,1.000292695300385004e+00
2.459424270368663594e+06,1.000465310032987221e+00
2.459424271757554729e+06,1.000180456514353944e+00
2.459424273146445863e+06,9.998851669283753685e-01
2.459424274535336066e+06,1.000088550229737416e+00
2.459424275924227200e+06,9.992828971631050328e-01
2.459424277313118335e+06,9.979859591090822768e-01
2.459424278702009004e+06,9.972042698261228688e-01
2.459424280090899672e+06,9.952059063131228900e-01
2.459424281479790807e+06,9.933551770363797662e-01
2.459424282868681476e+06,9.911645538211372175e-01
2.459424284257572144e+06,9.887324828646032460e-01
2.459424285646463279e+06,9.863021319298934664e-01
2.459424287035353947e+06,9.844964516886128836e-01
2.459424288424245082e+06,9.819331688034923511e-01
2.459424289813135751e+06,9.796419671841184451e-01
2.459424291202026419e+06,9.789496150312008149e-01
2.459424292590917554e+06,9.780531465032091809e-01
2.459424293979808223e+06,9.774465965458649652e-01
2.459424295368698891e+06,9.762643137249809033e-01
2.459424296757590026e+06,9.765862632555804002e-01
2.459424298146481160e+06,9.765207944691103314e-01
2.459424299535371363e+06,9.754713005937969417e-01
2.459424300924262498e+06,9.749013532606821686e-01
2.459424302313153632e+06,9.752323069095742980e-01
2.459424303702043835e+06,9.751924167448573488e-01
2.459424305090934969e+06,9.744910387050469414e-01
2.459424306479826104e+06,9.747787608347615596e-01
2.459424307868716773e+06,9.749051813348299511e-01
2.459424309257607441e+06,9.744310541475413867e-01
2.459424310646498110e+06,9.747468046285112653e-01
2.459424312035389245e+06,9.741221053993569523e-01
2.459424313424280379e+06,9.749192637984132048e-01
2.459424314813170582e+06,9.746939172667207218e-01
2.459424316202061716e+06,9.746666673833820349e-01
2.459424317590952851e+06,9.747391819213716557e-01
2.459424318979843054e+06,9.748025133706558210e-01
2.459424320368734188e+06,9.750916727305347642e-01
2.459424321757624857e+06,9.751901286046809059e-01
2.459424323146515992e+06,9.753429101206749774e-01
2.459424324535406660e+06,9.757478788154227978e-01
2.459424325924297329e+06,9.751762428107533243e-01
2.459424327313188463e+06,9.761781381102617727e-01
2.459424328702078667e+06,9.762619272586322561e-01
2.459424330090969801e+06,9.766663640761897858e-01
2.459424331479860935e+06,9.775376114716397558e-01
2.459424332868751604e+06,9.780632868636993660e-01
2.459424334257642273e+06,9.785528860016340369e-01
2.459424335646532942e+06,9.796323824185657614e-01
2.459424337035424076e+06,9.818063401932415335e-01
2.459424338424314279e+06,9.842130569866752721e-01
2.459424339813205414e+06,9.858061376562413658e-01
2.459424341202096548e+06,9.881436360664588303e-01
2.459424342590987217e+06,9.911999137720042263e-01
2.459424343979877885e+06,9.928168704862588845e-01
2.459424345368768554e+06,9.953009171860364157e-01
2.459424346757659689e+06,9.969722744827426153e-01
2.459424348146549892e+06,9.988249273201573741e-01
2.459424349535441026e+06,9.994326528430798051e-01
2.459424350924331695e+06,9.997637346959490356e-01
2.459424352313222829e+06,1.000173237757252087e+00
2.459424353702113498e+06,9.999946214445242232e-01
2.459424355091004167e+06,9.998999111375072024e-01
2.459424356479895301e+06,9.996940403038170331e-01
2.459424357868785970e+06,1.000077903121813661e+00
2.459424359257676639e+06,1.000160429167791243e+00
2.459424360646567307e+06,9.997713570223122348e-01
2.459424362035458442e+06,9.998231755699605872e-01
2.459424363424348645e+06,9.997261457731059231e-01
2.459424364813239779e+06,9.996247624574003954e-01
2.459424366202130448e+06,1.000000000000000000e+00
2.459424367591021582e+06,1.000056955263459502e+00
2.459424368979911786e+06,1.000206113372732242e+00
2.459424370368802920e+06,9.997442037152307615e-01
2.459424371757693589e+06,9.998373469043394524e-01
2.459424373146584257e+06,1.000176855702448186e+00
2.459424374535474926e+06,9.997273435688155407e-01
2.459424375924366061e+06,9.997708871879172898e-01
2.459424377313256729e+06,1.000214388588084757e+00
2.459424378702147398e+06,1.000073672172433703e+00
2.459424380091038067e+06,1.000529797263213228e+00
2.459424381479929201e+06,9.997356084370497831e-01
2.459424382868819404e+06,1.000252520190877403e+00
2.459424384257710539e+06,9.999550796825583676e-01
2.459424385646601208e+06,1.000403686305614714e+00
2.459424387035492342e+06,9.998088756159645429e-01
2.459424388424382545e+06,1.000162679555993916e+00
2.459424389813273679e+06,9.993595403198480831e-01
2.459424391202164348e+06,9.999488733341327373e-01
2.459424392591055017e+06,9.999056811449986704e-01
2.459424393979945686e+06,1.000100762051042924e+00
2.459424395368836820e+06,9.996843504961113736e-01
2.459424396757727489e+06,9.998252625387104020e-01
2.459424398146618158e+06,9.999863383821661067e-01
2.459424399535508826e+06,9.998658894458931634e-01
2.459424400924399961e+06,9.996792800983635985e-01
2.459424402313290164e+06,1.000179032817115177e+00
2.459424403702181298e+06,1.000206773656821424e+00
2.459424405091071967e+06,1.000330265668782248e+00
2.459424406479962636e+06,1.000492481205025985e+00
2.459424407868853305e+06,1.000221699421523169e+00
2.459424409257743973e+06,1.000013661804476151e+00
2.459424410646635108e+06,9.998198244744348484e-01
2.459424412035525776e+06,9.999992244099893401e-01
2.459424413424416445e+06,1.000074993646123067e+00
2.459424414813307114e+06,9.996388868886707524e-01
2.459424416202198248e+06,1.000061211997551602e+00
2.459424417591088451e+06,1.000192585115103672e+00
2.459424418979979120e+06,9.992853230812186460e-01
2.459424420368870255e+06,1.000473290187739339e+00
2.459424421757760923e+06,1.000233333912044387e+00
2.459424423146651592e+06,1.000333563624084432e+00
2.459424424535542261e+06,9.995169850800533773e-01
2.459424425924432930e+06,1.000015034781355894e+00
2.459424427313323598e+06,9.996799663403822533e-01
2.459426417592500336e+06,9.997074873233016135e-01
2.459426418981389608e+06,1.000026918794450381e+00
2.459426420370277949e+06,1.000307980655912976e+00
2.459426421759167220e+06,1.000043825273729592e+00
2.459426423148056492e+06,9.999847720663100903e-01
2.459426424536944833e+06,9.999597119234661102e-01
2.459426425925834104e+06,9.999997002376156408e-01
2.459426427314723376e+06,1.000036810831833156e+00
2.459426428703612648e+06,9.999420850080568135e-01
2.459426430092500988e+06,9.995756497795302842e-01
2.459426431481390260e+06,9.997685198924507466e-01
2.459426432870279532e+06,9.999064103850058283e-01
2.459426434259168338e+06,9.998693015709770870e-01
2.459426435648057144e+06,1.000045745596566560e+00
2.459426437036946416e+06,9.999490396033626771e-01
2.459426438425835222e+06,1.000200361237762348e+00
2.459426439814724028e+06,1.000004916104576980e+00
2.459426441203613300e+06,9.999020361316406369e-01
2.459426442592502106e+06,1.000098985556922004e+00
2.459426443981391378e+06,1.000245455402809736e+00
2.459426445370280184e+06,9.998945992676747663e-01
2.459426446759168990e+06,1.000054257007832126e+00
2.459426448148058262e+06,9.998661267371524719e-01
2.459426449536947068e+06,9.996978262737297172e-01
2.459426450925835874e+06,1.000075183700940951e+00
2.459426452314725146e+06,1.001154619421934955e+00
2.459426453703614417e+06,9.994294951715723130e-01
2.459426455092502758e+06,1.000134292855787921e+00
2.459426456481392030e+06,9.997507853678098133e-01
2.459426457870281301e+06,1.000184288135518962e+00
2.459426459259169642e+06,1.000496439674456450e+00
2.459426460648058914e+06,9.996384461204387284e-01
2.459426462036948185e+06,9.998263278158693312e-01
2.459426463425836992e+06,9.997805935735137872e-01
2.459426464814725798e+06,1.000077149994095249e+00
2.459426466203614604e+06,1.000051494568402033e+00
2.459426467592503875e+06,1.000126488404340375e+00
2.459426468981392682e+06,1.000338512833454985e+00
2.459426470370281488e+06,9.998415637650396315e-01
2.459426471759170759e+06,9.998018198286874325e-01
2.459426473148060031e+06,1.000182294585892695e+00
2.459426474536948372e+06,1.000220539882110904e+00
2.459426475925837643e+06,9.996803700322327568e-01
2.459426477314726450e+06,1.000061564339680409e+00
2.459426478703615256e+06,9.998000807469966666e-01
2.459426480092504527e+06,1.000003297019165016e+00
2.459426481481393334e+06,9.999781797277081941e-01
2.459426482870282605e+06,1.000278448254932728e+00
2.459426484259170946e+06,1.000748902916872796e+00
2.459426485648060217e+06,1.000106043775877751e+00
2.459426487036949489e+06,9.998582885889344407e-01
2.459426488425838295e+06,9.998273566565698545e-01
2.459426489814727101e+06,9.999040270858223778e-01
2.459426491203615908e+06,9.999000107302633555e-01
2.459426492592505179e+06,9.992777753466504098e-01
2.459426493981393520e+06,9.998082939540661185e-01
2.459426495370282792e+06,9.990478839501036878e-01
2.459426496759172063e+06,9.976964102773143717e-01
2.459426498148060869e+06,9.963152035842676169e-01
2.459426499536949676e+06,9.939390197334938559e-01
2.459426500925838482e+06,9.921434690162146408e-01
2.459426502314727753e+06,9.898032525286555305e-01
2.459426503703616094e+06,9.872147413437046826e-01
2.459426505092505366e+06,9.850420728231202849e-01
2.459426506481394637e+06,9.830698024612466446e-01
2.459426507870283443e+06,9.807397167809929206e-01
2.459426509259172250e+06,9.790789837301632215e-01
2.459426510648061056e+06,9.783569389136297367e-01
2.459426512036950327e+06,9.781444317426367663e-01
2.459426513425838668e+06,9.772507626579641782e-01
2.459426514814727940e+06,9.762613604415353308e-01
2.459426516203616746e+06,9.762399598604226680e-01
2.459426517592506018e+06,9.761511204732825631e-01
2.459426518981394358e+06,9.751823395450968102e-01
2.459426520370283630e+06,9.755000512534925949e-01
2.459426521759172902e+06,9.760549077766834669e-01
2.459426523148061242e+06,9.756955938181693933e-01
2.459426524536950514e+06,9.755475881185412534e-01
2.459426525925839320e+06,9.751007535762049594e-01
2.459426527314728592e+06,9.755525036581805809e-01
2.459426528703616932e+06,9.751760452565342296e-01
2.459426530092506204e+06,9.748869875474993618e-01
2.459426531481395010e+06,9.752968356513299630e-01
2.459426532870284282e+06,9.746267037290362589e-01
2.459426534259172622e+06,9.747190199612871808e-01
2.459426535648061894e+06,9.745370850490264747e-01
2.459426537036950700e+06,9.745892377256877293e-01
2.459426538425839506e+06,9.749057505219763664e-01
2.459426539814728312e+06,9.745562076971355792e-01
2.459426541203617584e+06,9.752565522045295587e-01
2.459426542592506390e+06,9.753529447379447603e-01
2.459426543981395196e+06,9.755348796502053554e-01
2.459426545370284002e+06,9.759495234024646582e-01
2.459426546759173274e+06,9.762431969231120110e-01
2.459426548148061614e+06,9.768104621866118276e-01
2.459426549536950886e+06,9.771506534970167968e-01
2.459426550925839692e+06,9.773505720908847172e-01
2.459426552314728964e+06,9.782718161540218116e-01
2.459426553703617305e+06,9.796808975535599151e-01
2.459426555092506576e+06,9.817053805377000675e-01
2.459426556481395382e+06,9.835980431356586839e-01
2.459426557870283723e+06,9.854091197647254496e-01
2.459426559259172995e+06,9.879950532886458969e-01
2.459426560648061801e+06,9.904302236150916983e-01
2.459426562036951073e+06,9.929487183329847033e-01
2.459426563425839413e+06,9.945077836371276625e-01
2.459426564814728685e+06,9.965454546544465497e-01
2.459426566203617491e+06,9.978565249892247246e-01
2.459426567592506297e+06,9.994932198523059919e-01
2.459426568981395103e+06,1.000039204425903883e+00
2.459426570370284375e+06,1.000052572295898612e+00
2.459426571759173181e+06,1.000226954061884221e+00
2.459426573148061521e+06,1.000106043775877751e+00
2.459426574536950793e+06,1.000075831190777587e+00
2.459426575925839599e+06,1.000067798479659542e+00
2.459426577314728871e+06,9.997913293477498353e-01
2.459426578703617211e+06,9.996533345642164559e-01
2.459426580092506483e+06,9.997473292734172512e-01
2.459426581481395289e+06,1.000081286240865008e+00
2.459426582870283630e+06,9.997945664104391783e-01
2.459426584259172902e+06,9.998644672435730296e-01
2.459426585648061708e+06,9.999652925847097862e-01
2.459426587036950979e+06,1.000018402722787636e+00
2.459426588425839320e+06,9.996418362584471584e-01
2.459426589814728126e+06,9.997949962418974934e-01
2.459426591203617398e+06,9.998798749908662797e-01
2.459426592592505738e+06,9.999815976158662467e-01
2.459426593981395010e+06,1.000002997058746512e+00
2.459426595370283816e+06,9.998190975340620623e-01
2.459426596759172622e+06,9.996248821912490090e-01
2.459426598148061428e+06,1.000345749028285214e+00
2.459426599536950234e+06,1.000269502016499779e+00
2.459426600925839506e+06,1.000056465480320123e+00
2.459426602314727847e+06,1.000039081646054262e+00
2.459426603703616653e+06,1.000052509300170422e+00
2.459426605092505924e+06,1.000015824720599245e+00
2.459426606481394731e+06,9.996770369494785147e-01
2.459426607870283537e+06,1.000512915096637201e+00
2.459426609259172343e+06,1.000074923720160491e+00
2.459426610648061149e+06,1.000025354186902415e+00
2.459426612036949955e+06,1.000001678287307794e+00
2.459426613425838761e+06,9.999166252140337940e-01
2.459426614814727567e+06,1.000028111265226949e+00
2.459426616203616839e+06,9.999301723023912292e-01
2.459426617592505179e+06,9.996578742506858628e-01
2.459426618981393985e+06,9.997081645244819681e-01
2.459426620370283257e+06,1.000391931027811099e+00
2.459426621759171598e+06,1.000500182091455192e+00
2.459426623148060404e+06,1.000093202744799958e+00
2.459426624536949676e+06,9.998573498283283012e-01
2.459426625925838482e+06,9.997818384723659024e-01
2.459426627314727288e+06,1.000077554159953586e+00
2.459426628703616094e+06,9.998987750704754207e-01
2.459426630092504900e+06,1.000290130185807369e+00
2.459426631481394172e+06,9.992483346585265824e-01
2.459426632870282512e+06,9.999698542762908149e-01
2.459426634259171318e+06,9.999543939373781720e-01
2.459426635648060590e+06,1.000205976395836194e+00
2.459426637036948930e+06,1.000048662447896142e+00
2.459426638425837737e+06,9.995617982524428458e-01
2.459426639814726543e+06,1.000132203407707587e+00
2.459426641203615814e+06,1.000076109849405537e+00
2.459426642592504155e+06,9.997680147818511776e-01
2.459426643981392961e+06,1.000414528998691654e+00
2.459426645370282233e+06,9.999741112890959682e-01
2.459426646759170573e+06,1.000155209210629836e+00
2.459428635646839626e+06,9.997170871089621214e-01
2.459428637035727035e+06,1.000065661391552174e+00
2.459428638424614444e+06,9.998574175919905382e-01
2.459428639813501388e+06,9.998391596953397631e-01
2.459428641202389263e+06,9.999023298016784800e-01
2.459428642591276672e+06,1.000472801750397656e+00
2.459428643980163615e+06,1.000393033493185868e+00
2.459428645369051024e+06,1.000038519769412382e+00
2.459428646757938433e+06,1.000046934857499403e+00
2.459428648146825843e+06,1.000068624450737742e+00
2.459428649535712786e+06,1.000287649046829097e+00
2.459428650924600195e+06,1.000111172149124705e+00
2.459428652313487604e+06,9.999134786717814860e-01
2.459428653702375013e+06,9.998050307055896813e-01
2.459428655091261957e+06,9.997701851295675013e-01
2.459428656480149366e+06,1.000078226737353582e+00
2.459428657869036775e+06,9.998288565209636491e-01
2.459428659257923719e+06,9.999913476487471975e-01
2.459428660646811593e+06,9.999039984639753742e-01
2.459428662035699002e+06,9.997955567913011654e-01
2.459428663424586412e+06,1.000480348610070402e+00
2.459428664813473355e+06,9.998929793252174791e-01
2.459428666202360764e+06,1.000092680141395185e+00
2.459428667591248173e+06,1.000159405102527765e+00
2.459428668980135117e+06,9.999217793815902144e-01
2.459428670369022526e+06,9.999634970447420779e-01
2.459428671757909935e+06,1.000100975707401751e+00
2.459428673146797344e+06,9.994748552118575269e-01
2.459428674535684288e+06,9.995245421347868087e-01
2.459428675924571697e+06,1.000000000000000000e+00
2.459428677313459106e+06,9.996319112339601132e-01
2.459428678702346049e+06,1.000010428786674677e+00
2.459428680091233458e+06,9.998443977624563717e-01
2.459428681480120867e+06,1.000193760095374973e+00
2.459428682869008277e+06,1.000235237791632592e+00
2.459428684257895220e+06,1.000207385188004672e+00
2.459428685646782629e+06,1.000130948932997255e+00
2.459428687035670038e+06,1.000323634758444102e+00
2.459428688424556982e+06,9.998396669813286453e-01
2.459428689813444391e+06,1.000709826150659065e+00
2.459428691202331800e+06,1.000000000000000000e+00
2.459428692591219209e+06,1.000168611704780552e+00
2.459428693980106153e+06,1.000039810874648438e+00
2.459428695368993562e+06,1.000036848371793630e+00
2.459428696757880971e+06,9.997845969777463537e-01
2.459428698146768380e+06,9.996472813173787886e-01
2.459428699535655323e+06,9.996320010293544556e-01
2.459428700924543198e+06,9.994621015597278113e-01
2.459428702313430607e+06,9.999631529859588364e-01
2.459428703702317551e+06,9.997438485441131339e-01
2.459428705091204960e+06,9.995003743341928093e-01
2.459428706480092369e+06,9.999003592162808429e-01
2.459428707868979778e+06,1.000022629476445157e+00
2.459428709257866722e+06,1.000485882109432012e+00
2.459428710646754131e+06,1.000197030467687265e+00
2.459428712035641074e+06,9.995933802975930371e-01
2.459428713424528018e+06,9.992739610908071279e-01
2.459428714813415427e+06,9.981157110294054391e-01
2.459428716202302836e+06,9.963968186510485658e-01
2.459428717591190245e+06,9.953051537507053848e-01
2.459428718980077188e+06,9.925986802157595879e-01
2.459428720368964598e+06,9.900544635812935645e-01
2.459428721757852007e+06,9.884629360572746437e-01
2.459428723146738950e+06,9.860092965680562482e-01
2.459428724535626359e+06,9.844847688813657127e-01
2.459428725924513768e+06,9.810771962528904711e-01
2.459428727313401178e+06,9.803439893681743511e-01
2.459428728702288121e+06,9.791904192246762006e-01
2.459428730091175530e+06,9.779914716493535165e-01
2.459428731480062939e+06,9.769318553007297901e-01
2.459428732868949883e+06,9.761051092974092347e-01
2.459428734257837292e+06,9.766276606369972413e-01
2.459428735646724701e+06,9.763843641454783562e-01
2.459428737035612110e+06,9.758985412755134536e-01
2.459428738424499054e+06,9.752573925227233653e-01
2.459428739813386463e+06,9.756365843518474135e-01
2.459428741202273872e+06,9.752225004765815441e-01
2.459428742591160815e+06,9.751909850800662971e-01
2.459428743980048224e+06,9.752836356066636458e-01
2.459428745368935633e+06,9.752077498492651708e-01
2.459428746757823043e+06,9.752178797981451153e-01
2.459428748146709986e+06,9.752227374344500932e-01
2.459428749535597395e+06,9.753769377673995322e-01
2.459428750924484804e+06,9.751879046277752705e-01
2.459428752313371748e+06,9.757257989893509675e-01
2.459428753702258691e+06,9.753916291552487960e-01
2.459428755091146100e+06,9.755888965808046098e-01
2.459428756480033509e+06,9.756506833450252492e-01
2.459428757868920453e+06,9.755617056653901331e-01
2.459428759257807862e+06,9.759613943501425082e-01
2.459428760646695271e+06,9.754556670192204848e-01
2.459428762035582680e+06,9.761852010569742610e-01
2.459428763424469624e+06,9.763357285429614674e-01
2.459428764813357033e+06,9.766440107299262374e-01
2.459428766202244442e+06,9.768155089872787578e-01
2.459428767591131385e+06,9.779896352258723446e-01
2.459428768980018795e+06,9.777363865038750657e-01
2.459428770368905738e+06,9.781744623633300550e-01
2.459428771757793147e+06,9.788324943642533471e-01
2.459428773146680091e+06,9.803200566234522295e-01
2.459428774535567500e+06,9.830832815679122483e-01
2.459428775924454909e+06,9.848428122207228963e-01
2.459428777313341852e+06,9.874961479536495945e-01
2.459428778702229261e+06,9.895392579356301344e-01
2.459428780091116671e+06,9.917946229283514104e-01
2.459428781480004080e+06,9.934429611013517736e-01
2.459428782868891023e+06,9.962226546176750075e-01
2.459428784257778432e+06,9.967817567084845676e-01
2.459428785646665376e+06,9.989739724292411305e-01
2.459428787035552319e+06,9.998293903346544553e-01
2.459428788424439728e+06,1.000200466356781170e+00
2.459428789813327137e+06,1.000003080452291027e+00
2.459428791202214547e+06,9.998919472119477403e-01
2.459428792591101490e+06,1.000302476719185707e+00
2.459428793979988899e+06,1.000606138227713826e+00
2.459428795368876308e+06,1.000241697025906262e+00
2.459428796757763717e+06,1.000335413862912137e+00
2.459428798146650195e+06,1.000327708694220608e+00
2.459428799535537604e+06,1.000479212996019607e+00
2.459428800924425013e+06,1.000171545220824854e+00
2.459428802313311957e+06,1.000297597469094635e+00
2.459428803702199366e+06,9.993817033474502454e-01
2.459428805091086775e+06,9.999396986020027134e-01
2.459428806479974184e+06,1.000000000000000000e+00
2.459428807868860662e+06,1.000259915867342420e+00
2.459428809257748071e+06,9.994037572651164325e-01
2.459428810646635480e+06,9.999680139999168604e-01
2.459428812035522424e+06,1.000438539703065288e+00
2.459428813424409833e+06,9.997569403192538839e-01
2.459428814813297242e+06,1.000077698908910628e+00
2.459428816202184651e+06,1.000000000000000000e+00
2.459428817591071129e+06,9.996817424264587970e-01
2.459428818979958538e+06,1.000056615973261120e+00
2.459428820368845947e+06,1.000348835652922652e+00
2.459428821757732891e+06,1.000090732804800986e+00
2.459428823146620300e+06,9.998924496962473540e-01
2.459428824535507709e+06,1.000219364716464554e+00
2.459428825924395118e+06,9.997567088943746239e-01
2.459428827313281596e+06,1.000438714571044496e+00
2.459428828702169005e+06,9.997697538249112892e-01
2.459428830091056414e+06,9.994767347728693574e-01
2.459428831479943357e+06,9.990375829427388110e-01
2.459428832868830767e+06,1.000013856808009693e+00
2.459428834257718176e+06,1.000105643356791640e+00
2.459428835646605119e+06,1.000127315061549504e+00
2.459428837035492063e+06,9.993229650789958729e-01
2.459428838424379472e+06,9.993709271470397892e-01
2.459428839813266881e+06,1.000000000000000000e+00
2.459428841202154290e+06,9.995386167479041184e-01
2.459428842591041233e+06,1.000360722121633517e+00
2.459428843979928177e+06,9.998090991266995742e-01
2.459428845368815586e+06,1.000325076238963939e+00
2.459428846757702529e+06,9.996518081107392817e-01
2.459428848146589939e+06,1.000847503795765370e+00
2.459428849535477348e+06,1.000170557348250222e+00
2.459428850924364291e+06,1.000533939254105276e+00
2.459428852313251235e+06,1.000185244231016179e+00
2.459428853702138644e+06,1.000197427169863262e+00
2.459428855091026053e+06,1.000076620884010836e+00
2.459428856479912996e+06,1.000481232295791889e+00
2.459428857868799940e+06,1.000156225793292997e+00
2.459428859257687349e+06,9.999883926249107935e-01
2.459428860646574758e+06,9.998302881524786523e-01
2.459428862035461701e+06,9.999033601761497803e-01
2.459428863424349111e+06,1.000049027578249650e+00
2.459428864813236054e+06,9.997259666278511814e-01
2.459430855087939184e+06,9.999255118745695725e-01
2.459430856476826128e+06,9.996530608807580043e-01
2.459430857865712605e+06,9.995478508861564970e-01
2.459430859254598618e+06,1.000000000000000000e+00
2.459430860643485561e+06,9.997235153241423866e-01
2.459430862032372039e+06,1.000040090742667864e+00
2.459430863421258517e+06,9.992035226715522134e-01
2.459430864810144994e+06,1.000567675427245229e+00
2.459430866199031472e+06,1.000397807574996412e+00
2.459430867587917950e+06,9.991133778063816528e-01
2.459430868976804428e+06,1.000550595347528660e+00
2.459430870365690906e+06,1.000173410253788697e+00
2.459430871754577383e+06,1.000008183876766488e+00
2.459430873143464327e+06,9.999599108645352841e-01
2.459430874532350339e+06,1.000193447869653918e+00
2.459430875921236817e+06,1.000404584388285167e+00
2.459430877310123760e+06,1.000135573132749922e+00
2.459430878699009772e+06,9.997191388379274013e-01
2.459430880087896250e+06,9.995409950160598633e-01
2.459430881476783194e+06,9.996607870144524899e-01
2.459430882865669671e+06,1.000165099467091645e+00
2.459430884254555684e+06,1.000067603492942103e+00
2.459430885643442627e+06,1.000094882095357240e+00
2.459430887032329105e+06,1.000102475531298163e+00
2.459430888421215117e+06,9.997114317504066650e-01
2.459430889810102060e+06,1.000407885824230014e+00
2.459430891198988538e+06,9.997461763362808229e-01
2.459430892587875016e+06,1.000076267300400890e+00
2.459430893976761494e+06,9.999210046313110611e-01
2.459430895365647972e+06,9.996888880981609216e-01
2.459430896754534449e+06,9.996761969149750016e-01
2.459430898143420927e+06,9.998140207921907274e-01
2.459430899532307405e+06,1.000274957721395186e+00
2.459430900921193883e+06,1.000189300265091452e+00
2.459430902310080826e+06,9.995910355175215978e-01
2.459430903698966838e+06,1.000000000000000000e+00
2.459430905087853316e+06,1.000399744400820579e+00
2.459430906476740260e+06,9.996168540562699878e-01
2.459430907865626737e+06,9.998829203855063019e-01
2.459430909254512750e+06,1.000402753099182140e+00
2.459430910643399693e+06,1.000107361282698060e+00
2.459430912032286171e+06,9.999735450488669297e-01
2.459430913421172183e+06,9.999160084959541894e-01
2.459430914810059126e+06,1.000351041575589406e+00
2.459430916198945604e+06,1.000258151035914089e+00
2.459430917587832548e+06,1.000538486926477066e+00
2.459430918976718560e+06,1.000709796713177280e+00
2.459430920365605038e+06,9.992088949253955521e-01
2.459430921754491981e+06,1.000494144066545799e+00
2.459430923143377993e+06,1.000226618784846311e+00
2.459430924532264471e+06,1.000319876567510757e+00
2.459430925921151415e+06,1.000022068635592287e+00
2.459430927310037892e+06,1.000176430436160446e+00
2.459430928698923904e+06,9.997125144944070119e-01
2.459430930087810848e+06,9.997368374529899127e-01
2.459430931476697326e+06,1.000136327216643251e+00
2.459430932865583338e+06,9.991365942945932277e-01
2.459430934254470281e+06,9.978994455670577857e-01
2.459430935643356759e+06,9.959262010587961456e-01
2.459430937032243237e+06,9.934105545741340748e-01
2.459430938421129715e+06,9.913132629770993187e-01
2.459430939810016192e+06,9.898701996416575666e-01
2.459430941198902670e+06,9.867008588140053771e-01
2.459430942587789148e+06,9.856853456310211703e-01
2.459430943976675626e+06,9.828978159288326300e-01
2.459430945365562104e+06,9.806224921398283279e-01
2.459430946754449047e+06,9.798130715376179856e-01
2.459430948143335059e+06,9.785991186071700820e-01
2.459430949532221537e+06,9.783777203597756600e-01
2.459430950921108481e+06,9.770483223624925051e-01
2.459430952309994958e+06,9.774702367074734610e-01
2.459430953698880970e+06,9.778010882684913252e-01
2.459430955087767914e+06,9.760818703666988005e-01
2.459430956476654392e+06,9.763318035972112785e-01
2.459430957865540404e+06,9.761187700745979079e-01
2.459430959254427347e+06,9.748896301261079644e-01
2.459430960643313825e+06,9.756108948345273424e-01
2.459430962032200769e+06,9.755583335142724577e-01
2.459430963421086781e+06,9.744849198250028488e-01
2.459430964809973259e+06,9.750884258193069920e-01
2.459430966198860202e+06,9.747526503422833111e-01
2.459430967587746214e+06,9.743005992583751995e-01
2.459430968976632692e+06,9.745144039967486016e-01
2.459430970365519635e+06,9.740838876298296700e-01
2.459430971754406113e+06,9.741830778414168890e-01
2.459430973143292125e+06,9.752252869545532388e-01
2.459430974532179069e+06,9.750790525816092069e-01
2.459430975921065547e+06,9.756124372660472943e-01
2.459430977309951559e+06,9.757844183805157723e-01
2.459430978698838502e+06,9.756254886096771273e-01
2.459430980087724980e+06,9.755523417610605375e-01
2.459430981476611458e+06,9.760987777891284578e-01
2.459430982865497936e+06,9.767904396772236764e-01
2.459430984254384413e+06,9.766809863636002342e-01
2.459430985643270891e+06,9.769394029674721702e-01
2.459430987032157369e+06,9.783216589064563928e-01
2.459430988421043847e+06,9.780911247185211099e-01
2.459430989809930325e+06,9.786565445191416357e-01
2.459430991198817268e+06,9.800192234426809978e-01
2.459430992587703280e+06,9.820112144263383192e-01
2.459430993976590224e+06,9.837850106742193068e-01
2.459430995365476701e+06,9.863729141431597514e-01
2.459430996754363179e+06,9.880764111083070178e-01
2.459430998143249657e+06,9.902591890061176461e-01
2.459430999532136135e+06,9.926239144989867924e-01
2.459431000921022613e+06,9.951314928803141058e-01
2.459431002309909090e+06,9.967044170848732287e-01
2.459431003698795568e+06,9.982816126382567656e-01
2.459431005087682046e+06,9.996794115410184700e-01
2.459431006476568989e+06,9.998762495326729560e-01
2.459431007865455002e+06,9.998673508892889084e-01
2.459431009254341479e+06,1.000168125035668654e+00
2.459431010643228423e+06,9.999201495067007173e-01
2.459431012032114435e+06,9.996905645073930202e-01
2.459431013421000913e+06,1.000039391328046534e+00
2.459431014809887856e+06,9.995619494483494183e-01
2.459431016198774334e+06,9.999839824419087808e-01
2.459431017587660812e+06,9.999782871066228429e-01
2.459431018976547290e+06,9.994257354975669694e-01
2.459431020365433767e+06,1.000001542433899049e+00
2.459431021754320245e+06,9.997903476384980559e-01
2.459431023143206723e+06,1.000148549412612775e+00
2.459431024532093201e+06,9.989662052459299391e-01
2.459431025920980144e+06,9.999125545970178885e-01
2.459431027309866156e+06,9.996362135310293828e-01
2.459431028698752634e+06,9.996137868713402819e-01
2.459431030087639578e+06,1.000000000000000000e+00
2.459431031476525590e+06,9.999022267153634402e-01
2.459431032865412068e+06,9.993944938452666849e-01
2.459431034254299011e+06,1.000091362245489446e+00
2.459431035643185489e+06,9.998180989740924618e-01
2.459431037032071967e+06,1.000042835140477981e+00
2.459431038420958444e+06,1.000060752332201375e+00
2.459431039809844922e+06,1.000101929674694912e+00
2.459431041198731400e+06,1.000238263052852128e+00
2.459431042587617878e+06,1.000379939390056094e+00
2.459431043976504356e+06,9.994915769668822891e-01
2.459431045365391299e+06,1.000394771502409963e+00
2.459431046754277311e+06,9.998657990474224544e-01
2.459431048143163789e+06,9.998640191939399680e-01
2.459431049532050733e+06,9.997065614891915697e-01
2.459431050920937210e+06,9.999023453722623023e-01
2.459431052309823222e+06,1.000119611944676690e+00
2.459431053698710166e+06,1.000551525446052636e+00
2.459431055087596644e+06,1.000136220140290133e+00
2.459431056476483122e+06,9.997439346143326411e-01
2.459431057865369599e+06,1.000181785065265228e+00
2.459431059254256077e+06,1.000375092616193173e+00
2.459431060643143021e+06,9.995113472339500760e-01
2.459431062032029033e+06,1.000231996176987881e+00
2.459431063420915511e+06,1.000374517746100977e+00
2.459431064809802454e+06,1.000331918634484119e+00
2.459431066198688466e+06,1.000057910723499477e+00
2.459431067587574944e+06,9.999786388915293811e-01
2.459431068976461887e+06,1.000011748282021440e+00
2.459431070365348365e+06,9.999498027949993428e-01
2.459431071754234843e+06,9.994904353383923246e-01
2.459431073143121321e+06,9.996798296475373213e-01
2.459431074532007799e+06,1.000124607116727793e+00
2.459431075920894276e+06,9.999552600954941806e-01
2.459431077309780754e+06,1.000150952675149529e+00
2.459431078698667232e+06,9.998886842694257870e-01
2.459431080087554175e+06,1.000033465923264364e+00
2.459431081476440188e+06,1.000151310455350773e+00
2.459431082865326665e+06,9.995355065707900444e-01
2.459435292557770852e+06,9.998621707347525867e-01
2.459435293946639635e+06,1.000305672183010142e+00
2.459435295335509349e+06,1.000096415957007601e+00
2.459435296724378597e+06,1.000403277786619194e+00
2.459435298113248311e+06,1.000260319551474320e+00
2.459435299502117094e+06,9.997467015555119296e-01
2.459435300890986808e+06,9.998210972629785198e-01
2.459435302279856056e+06,1.000059157398674126e+00
2.459435303668725304e+06,1.000045588095960225e+00
2.459435305057595018e+06,1.000074036020071055e+00
2.459435306446464267e+06,9.996950616774059606e-01
2.459435307835333981e+06,1.000231973741857905e+00
2.459435309224202763e+06,1.000036301273912853e+00
2.459435310613072477e+06,1.000224353774838537e+00
2.459435312001941726e+06,9.998226593503928283e-01
2.459435313390810974e+06,9.996198482987616041e-01
2.459435314779680222e+06,9.996960225129012390e-01
2.459435316168549936e+06,9.998910961782614404e-01
2.459435317557419185e+06,9.999285868419114376e-01
2.459435318946288433e+06,9.999408461007165405e-01
2.459435320335157681e+06,9.999079960479958507e-01
2.459435321724027395e+06,1.000018567421103066e+00
2.459435323112896178e+06,1.000070580004577492e+00
2.459435324501765892e+06,1.000450143886553178e+00
2.459435325890635140e+06,9.999322760784111752e-01
2.459435327279504854e+06,1.000036182903625726e+00
2.459435328668373637e+06,1.000272681026994626e+00
2.459435330057243351e+06,1.000361486682721068e+00
2.459435331446112599e+06,1.000167709824153484e+00
2.459435332834982313e+06,9.996731464451521498e-01
2.459435334223851096e+06,1.000313399550742499e+00
2.459435335612720810e+06,1.000027137177719183e+00
2.459435337001590058e+06,9.997262477686217341e-01
2.459435338390459307e+06,9.997823074646996488e-01
2.459435339779328555e+06,1.000403725029928248e+00
2.459435341168198269e+06,1.000147945227653601e+00
2.459435342557067517e+06,9.999003779923202329e-01
2.459435343945936300e+06,1.000039160004803973e+00
2.459435345334806014e+06,1.000000000000000000e+00
2.459435346723675262e+06,9.997974151024064948e-01
2.459435348112544511e+06,1.000436831124658088e+00
2.459435349501413759e+06,9.999485772319981480e-01
2.459435350890283473e+06,9.998285902224292032e-01
2.459435352279152721e+06,1.000226293467749272e+00
2.459435353668021969e+06,1.000000000000000000e+00
2.459435355056891218e+06,1.000287717680983679e+00
2.459435356445760466e+06,1.000297362685816038e+00
2.459435357834629714e+06,1.000134638080696581e+00
2.459435359223498963e+06,9.998907181626175422e-01
2.459435360612368677e+06,9.997356046178361710e-01
2.459435362001237925e+06,1.000363320444108028e+00
2.459435363390107173e+06,1.000043331796086177e+00
2.459435364778976422e+06,9.997354855744403634e-01
2.459435366167845670e+06,9.999951192207705564e-01
2.459435367556714918e+06,9.999552396831635770e-01
2.459435368945584167e+06,1.000125828869404376e+00
2.459435370334453881e+06,9.987037364626826230e-01
2.459435371723323129e+06,9.972645613286575950e-01
2.459435373112191912e+06,9.955690262416880820e-01
2.459435374501061626e+06,9.933748778912366850e-01
2.459435375889930874e+06,9.907474115799225212e-01
2.459435377278800588e+06,9.887267094572120829e-01
2.459435378667669371e+06,9.870726014719953811e-01
2.459435380056538619e+06,9.840544942572275744e-01
2.459435381445408333e+06,9.820903377475418417e-01
2.459435382834277116e+06,9.800778496191444589e-01
2.459435384223146830e+06,9.790467552460638823e-01
2.459435385612016078e+06,9.779049505148508237e-01
2.459435387000885326e+06,9.776856725797108405e-01
2.459435388389754575e+06,9.771803928860618438e-01
2.459435389778623823e+06,9.763470295934739696e-01
2.459435391167493071e+06,9.761411440403662265e-01
2.459435392556362320e+06,9.763880400433413431e-01
2.459435393945231568e+06,9.759760308503341308e-01
2.459435395334100816e+06,9.758007989716555031e-01
2.459435396722970530e+06,9.750995143267536802e-01
2.459435398111839313e+06,9.752949240610273574e-01
2.459435399500709027e+06,9.749996964393405907e-01
2.459435400889578275e+06,9.749809471044955655e-01
2.459435402278447058e+06,9.745949488934797511e-01
2.459435403667316772e+06,9.748199409116200531e-01
2.459435405056186020e+06,9.746631012375989167e-01
2.459435406445055269e+06,9.747476815703443043e-01
2.459435407833924517e+06,9.746606608479841949e-01
2.459435409222793765e+06,9.744220978827179414e-01
2.459435410611663014e+06,9.747182183298734870e-01
2.459435412000532262e+06,9.748091079625984534e-01
2.459435413389401510e+06,9.751936181311663399e-01
2.459435414778270759e+06,9.754249194492862207e-01
2.459435416167140473e+06,9.753164113939767343e-01
2.459435417556009255e+06,9.755886041185681812e-01
2.459435418944878504e+06,9.754486090850587043e-01
2.459435420333747752e+06,9.764636325997005928e-01
2.459435421722617000e+06,9.763235780444932121e-01
2.459435423111486249e+06,9.775663910970777692e-01
2.459435424500355497e+06,9.787218262971146832e-01
2.459435425889225211e+06,9.790283630414063909e-01
2.459435427278093994e+06,9.801433234868572875e-01
2.459435428666963242e+06,9.809619849200588160e-01
2.459435430055832956e+06,9.830770884556714329e-01
2.459435431444702204e+06,9.853624240473373153e-01
2.459435432833570987e+06,9.872934864929792109e-01
2.459435434222440235e+06,9.889214049311108035e-01
2.459435435611309949e+06,9.912562030537488411e-01
2.459435437000178732e+06,9.935546334189573336e-01
2.459435438389047980e+06,9.954896838183597829e-01
2.459435439777917229e+06,9.973791405971550450e-01
2.459435441166786943e+06,9.982613116820379107e-01
2.459435442555655725e+06,9.998529814061358767e-01
2.459435443944524974e+06,9.997214384537310705e-01
2.459435445333394688e+06,9.995858480258676959e-01
2.459435446722263470e+06,9.997332237499193530e-01
2.459435448111132719e+06,9.996735830086027619e-01
2.459435449500001967e+06,1.000101067843069291e+00
2.459435450888871681e+06,1.000090472980839529e+00
2.459435452277740464e+06,9.995953714975349680e-01
2.459435453666609712e+06,9.997327475763360116e-01
2.459435455055478960e+06,9.998445238280329050e-01
2.459435456444348209e+06,1.000057144095265027e+00
2.459435457833217457e+06,9.997534439863071665e-01
2.459435459222086705e+06,9.997911775739477536e-01
2.459435460610955954e+06,1.001449625801053456e+00
2.459435461999824736e+06,1.000186680445461551e+00
2.459435463388694450e+06,9.995931758795800759e-01
2.459435464777563699e+06,9.997390141258604146e-01
2.459435466166432481e+06,9.998380700811256849e-01
2.459435467555301730e+06,1.000226820952540896e+00
2.459435468944171444e+06,1.000152883824724670e+00
2.459435470333040692e+06,1.000072514563341564e+00
2.459435471721909475e+06,9.996764826459789699e-01
2.459435473110778723e+06,1.000200992746995698e+00
2.459435474499647971e+06,1.000130502399708021e+00
2.459435475888517685e+06,9.998424683623960973e-01
2.459435477277386468e+06,1.000092167435125523e+00
2.459435478666255716e+06,1.000065850893571584e+00
2.459435480055124965e+06,1.000106449950126875e+00
2.459435481443993747e+06,9.997411428033233793e-01
2.459435482832863461e+06,9.998065087595567890e-01
2.459435484221732710e+06,9.997524365766087273e-01
2.459435485610601958e+06,9.998928296868435650e-01
2.459435486999470741e+06,9.999341534424830424e-01
2.459435488388339989e+06,1.000382576834180970e+00
2.459435489777209237e+06,9.999018850571537165e-01
2.459435491166078486e+06,9.998618693741539998e-01
2.459435492554947734e+06,1.000688993255344217e+00
2.459435493943816982e+06,1.000279595439212521e+00
2.459435495332686231e+06,1.000362001295583614e+00
2.459435496721555013e+06,9.999885681990876574e-01
2.459435498110424262e+06,9.997992321761993706e-01
2.459435499499293976e+06,1.000172426932896430e+00
2.459435500888162758e+06,1.000124914262850995e+00
2.459435502277032007e+06,1.000098361120349777e+00
2.459435503665901255e+06,1.000010478984872053e+00
2.459435505054770503e+06,9.994887922493617127e-01
2.459435506443639286e+06,9.999739218842546018e-01
2.459435507832509000e+06,1.000270783722397416e+00
2.459435509221378248e+06,9.999554647703708943e-01
2.459435510610247031e+06,1.000124198514714458e+00
2.459435511999116279e+06,9.996703917479811130e-01
2.459435513387985528e+06,9.997550562953747555e-01
2.459435514776854776e+06,1.000102049978053964e+00
2.459435516165723559e+06,9.997818431325896649e-01
2.459435517554592807e+06,9.999516530086416388e-01
2.459435518943462521e+06,1.000436670978599007e+00
2.459435520332331769e+06,1.000110266370686007e+00
2.459437510580682196e+06,9.999563008986032120e-01
2.459437511969549581e+06,1.000303908574340150e+00
2.459437513358417433e+06,9.995448291780538730e-01
2.459437514747284818e+06,1.000316955484245707e+00
2.459437516136152204e+06,9.999600737850817822e-01
2.459437517525020055e+06,1.000260989045523630e+00
2.459437518913886975e+06,1.000114871095953983e+00
2.459437520302754827e+06,1.000000000000000000e+00
2.459437521691622678e+06,1.000145758790332629e+00
2.459437523080490064e+06,1.000382512692956416e+00
2.459437524469357450e+06,1.000092426354632691e+00
2.459437525858224835e+06,1.000038131547013043e+00
2.459437527247092687e+06,1.000196045237782716e+00
2.459437528635960072e+06,9.994695105657308565e-01
2.459437530024827458e+06,1.000099549077994698e+00
2.459437531413695309e+06,9.999357100078387628e-01
2.459437532802562695e+06,1.000014785388588123e+00
2.459437534191430081e+06,1.000008021222958732e+00
2.459437535580297466e+06,9.995546425461707685e-01
2.459437536969165318e+06,9.998775267001970279e-01
2.459437538358032703e+06,9.999788096050193920e-01
2.459437539746900089e+06,9.998056335153187035e-01
2.459437541135767940e+06,9.999918588847821477e-01
2.459437542524635326e+06,9.998921293451760173e-01
2.459437543913502712e+06,9.999448052292077005e-01
2.459437545302370097e+06,9.997678457643406347e-01
2.459437546691237949e+06,1.000273593126670191e+00
2.459437548080105335e+06,1.000000000000000000e+00
2.459437549468972720e+06,1.000051066961238577e+00
2.459437550857840572e+06,1.000134342627220896e+00
2.459437552246707957e+06,1.000119495491948785e+00
2.459437553635575343e+06,1.000351126328248297e+00
2.459437555024442729e+06,1.000234754460963327e+00
2.459437556413310580e+06,9.999672500351448612e-01
2.459437557802177966e+06,1.000443351900827116e+00
2.459437559191045351e+06,9.999952100965416868e-01
2.459437560579912737e+06,9.996720106340881706e-01
2.459437561968780588e+06,9.996095012501109434e-01
2.459437563357647508e+06,1.000075686202608782e+00
2.459437564746515360e+06,9.996840092513372689e-01
2.459437566135382745e+06,9.996053088741009285e-01
2.459437567524250597e+06,9.993281088707953730e-01
2.459437568913117982e+06,9.998932878794792867e-01
2.459437570301985368e+06,9.995001537205462361e-01
2.459437571690853219e+06,9.999973051905801658e-01
2.459437573079720140e+06,1.000352541906794901e+00
2.459437574468587991e+06,1.000239062444044702e+00
2.459437575857455377e+06,9.997047650678507758e-01
2.459437577246323228e+06,1.000012156732500213e+00
2.459437578635190148e+06,9.999062194921408686e-01
2.459437580024057999e+06,1.000148942256897433e+00
2.459437581412925385e+06,1.000683727188782068e+00
2.459437582801792771e+06,1.000394727287915231e+00
2.459437584190660156e+06,1.000380182655773220e+00
2.459437585579528008e+06,1.000420313642630177e+00
2.459437586968395393e+06,9.999565658334468310e-01
2.459437588357262313e+06,9.986180646016158402e-01
2.459437589746130165e+06,9.977575098465836234e-01
2.459437591134997550e+06,9.959759669431471618e-01
2.459437592523864936e+06,9.945981119123610270e-01
2.459437593912732322e+06,9.920688239125474706e-01
2.459437595301600173e+06,9.898066825907240185e-01
2.459437596690467559e+06,9.874469816961984892e-01
2.459437598079334944e+06,9.853083758689266114e-01
2.459437599468202330e+06,9.833912251467815668e-01
2.459437600857070182e+06,9.806995591752816210e-01
2.459437602245937567e+06,9.795176256858377783e-01
2.459437603634804953e+06,9.782121436756936461e-01
2.459437605023672339e+06,9.774354576555035479e-01
2.459437606412540190e+06,9.771784066847724048e-01
2.459437607801407110e+06,9.766846228469366897e-01
2.459437609190274496e+06,9.761897000884173226e-01
2.459437610579142347e+06,9.759688186024360057e-01
2.459437611968009733e+06,9.761500175610015040e-01
2.459437613356877118e+06,9.750984428872901955e-01
2.459437614745744504e+06,9.751938231214309916e-01
2.459437616134612355e+06,9.745876257610567306e-01
2.459437617523479275e+06,9.751391664598025866e-01
2.459437618912346661e+06,9.747052633892546725e-01
2.459437620301214512e+06,9.747418941391289282e-01
2.459437621690081898e+06,9.745398138066958538e-01
2.459437623078949284e+06,9.743416856081393851e-01
2.459437624467816669e+06,9.744029897431810694e-01
2.459437625856684521e+06,9.741829421081374951e-01
2.459437627245551441e+06,9.743185667849469933e-01
2.459437628634418827e+06,9.749433546630292824e-01
2.459437630023286678e+06,9.750688594241746499e-01
2.459437631412154064e+06,9.750469205678132800e-01
2.459437632801021449e+06,9.749591049560890621e-01
2.459437634189888835e+06,9.760506032780438268e-01
2.459437635578756221e+06,9.758488216131224746e-01
2.459437636967623606e+06,9.754990559877623202e-01
2.459437638356490992e+06,9.763141146281200111e-01
2.459437639745358843e+06,9.764748361158108736e-01
2.459437641134226229e+06,9.767628206023278858e-01
2.459437642523093149e+06,9.773744424706189982e-01
2.459437643911961000e+06,9.774342536174215335e-01
2.459437645300828386e+06,9.783160944586627439e-01
2.459437646689695772e+06,9.797890373602408109e-01
2.459437648078563157e+06,9.822175065660537774e-01
2.459437649467430543e+06,9.836477562577233824e-01
2.459437650856298395e+06,9.863699294054784072e-01
2.459437652245165315e+06,9.880002153855628189e-01
2.459437653634032700e+06,9.905074579343611241e-01
2.459437655022900552e+06,9.927216692636050555e-01
2.459437656411767937e+06,9.945806237258807414e-01
2.459437657800634857e+06,9.965515748129574192e-01
2.459437659189502709e+06,9.994945909866344014e-01
2.459437660578370094e+06,9.987657458316880899e-01
2.459437661967237014e+06,1.000674243356703075e+00
2.459437663356104866e+06,9.995370723402621227e-01
2.459437664744972251e+06,1.000111298660160575e+00
2.459437666133840103e+06,1.000503102883242068e+00
2.459437667522707023e+06,9.997822201766851657e-01
2.459437668911574408e+06,9.998075005049670283e-01
2.459437670300442260e+06,9.999390251645130512e-01
2.459437671689309180e+06,9.999853869044624810e-01
2.459437673078176565e+06,9.997759524983362844e-01
2.459437674467044417e+06,1.000106723509212703e+00
2.459437675855911803e+06,1.000149963898467220e+00
2.459437677244778723e+06,9.999984428489635535e-01
2.459437678633646108e+06,9.999885011707245752e-01
2.459437680022513960e+06,1.000274534548951211e+00
2.459437681411380880e+06,1.000273396643970747e+00
2.459437682800248265e+06,1.000034074782229832e+00
2.459437684189116117e+06,9.998863985056583026e-01
2.459437685577983502e+06,9.999878434152841278e-01
2.459437686966850422e+06,9.995955940168754772e-01
2.459437688355718274e+06,1.000241657862774192e+00
2.459437689744585659e+06,1.000247886466920200e+00
2.459437691133452579e+06,1.000273878911144276e+00
2.459437692522320431e+06,9.996213128460169628e-01
2.459437693911187816e+06,1.000301188944706654e+00
2.459437695300055202e+06,9.998531486791766287e-01
2.459437696688922122e+06,9.999154944794717004e-01
2.459437698077789973e+06,9.997840940370187335e-01
2.459437699466657359e+06,1.000271309033746281e+00
2.459437700855524745e+06,9.998762040236747195e-01
2.459437702244392131e+06,1.000015392146064608e+00
2.459437703633259516e+06,1.000408898498599264e+00
2.459437705022126902e+06,1.000310858056281837e+00
2.459437706410993822e+06,1.000227723687911352e+00
2.459437707799861673e+06,1.000058699875622237e+00
2.459437709188729059e+06,9.995657557239984170e-01
2.459437710577596445e+06,1.000089124894164128e+00
2.459437711966463365e+06,9.999725667928215378e-01
2.459437713355331216e+06,9.999489070297218340e-01
2.459437714744198602e+06,9.995191390792579345e-01
2.459437716133065522e+06,9.996589947983678393e-01
2.459437717521932907e+06,9.997132684071260433e-01
2.459437718910800759e+06,9.999276432495943778e-01
2.459437720299668144e+06,1.000034561049218285e+00
2.459437721688535064e+06,1.000383286228679669e+00
2.459437723077402450e+06,1.000088347312872994e+00
2.459437724466270301e+06,9.999060203011722603e-01
2.459437725855137222e+06,1.000002336020915372e+00
2.459437727244004607e+06,9.995269258156426195e-01
2.459437728632871993e+06,1.000000000000000000e+00
2.459437730021739844e+06,1.000308893842584368e+00
2.459437731410606764e+06,1.000181370636106015e+00
2.459437732799474150e+06,9.998728967999284123e-01
2.459437734188341536e+06,9.999122501855624012e-01
2.459437735577208921e+06,9.998712803063301013e-01
2.459437736966076307e+06,9.996108474666421939e-01
2.459437738354943693e+06,1.000257854360622645e+00
2.459437739743811078e+06,1.000119553380674375e+00
2.459439728600663133e+06,9.994051049476494475e-01
2.459439729989528656e+06,1.000435401623491760e+00
2.459439731378394179e+06,9.995596988385465620e-01
2.459439732767260168e+06,9.999061887070921362e-01
2.459439734156125691e+06,1.000463320232616082e+00
2.459439735544991214e+06,1.000027604713881413e+00
2.459439736933857203e+06,9.993547336610753007e-01
2.459439738322722726e+06,1.000338202816524413e+00
2.459439739711588249e+06,9.997225097807235228e-01
2.459439741100454237e+06,1.000196346438531947e+00
2.459439742489319760e+06,9.995914727327319671e-01
2.459439743878185283e+06,9.998693854879987519e-01
2.459439745267050806e+06,1.000404928887389078e+00
2.459439746655916795e+06,1.000189403739104588e+00
2.459439748044782784e+06,1.000075761495641924e+00
2.459439749433647841e+06,9.999998207427844843e-01
2.459439750822513830e+06,1.000090823655833905e+00
2.459439752211379353e+06,9.997630219186799394e-01
2.459439753600244876e+06,9.993344775920971479e-01
2.459439754989110399e+06,1.000131037047991667e+00
2.459439756377976388e+06,1.000128706703772963e+00
2.459439757766842376e+06,9.996243963138734534e-01
2.459439759155707434e+06,9.999330175538225784e-01
2.459439760544573423e+06,1.000301928903242210e+00
2.459439761933438946e+06,9.998992068469081396e-01
2.459439763322304934e+06,1.000182125330908889e+00
2.459439764711169992e+06,1.000132040822959700e+00
2.459439766100035980e+06,9.998987298391722733e-01
2.459439767488901969e+06,1.000009559516594315e+00
2.459439768877767026e+06,9.999460464892845346e-01
2.459439770266633015e+06,9.998953137861704699e-01
2.459439771655498538e+06,9.998950206884528180e-01
2.459439773044364527e+06,9.998579761960456613e-01
2.459439774433229584e+06,9.997295752054281559e-01
2.459439775822095573e+06,9.997239715970358542e-01
2.459439777210961096e+06,1.000165736534593730e+00
2.459439778599826619e+06,1.000147274894655158e+00
2.459439779988692142e+06,1.000000000000000000e+00
2.459439781377558131e+06,1.000135911968712543e+00
2.459439782766423654e+06,1.000389216033478190e+00
2.459439784155289177e+06,9.997717359389248770e-01
2.459439785544155166e+06,1.000057050831633765e+00
2.459439786933020689e+06,1.000064277668056389e+00
2.459439788321886212e+06,9.997878756634784869e-01
2.459439789710751735e+06,9.996952285466313981e-01
2.459439791099617723e+06,9.995427977231159389e-01
2.459439792488483246e+06,1.000094020381396609e+00
2.459439793877348769e+06,1.000132846571707201e+00
2.459439795266214292e+06,9.996997289915272589e-01
2.459439796655080281e+06,9.998326383524446248e-01
2.459439798043945339e+06,1.000050439190490303e+00
2.459439799432811327e+06,1.000006685224954062e+00
2.459439800821676850e+06,9.997891788089092735e-01
2.459439802210542839e+06,9.995917415939092887e-01
2.459439803599407896e+06,9.997980144431860561e-01
2.459439804988273885e+06,9.997923678825899607e-01
2.459439806377139408e+06,9.995332903737743635e-01
2.459439807766004931e+06,9.978907063817653578e-01
2.459439809154870454e+06,9.966998551829752140e-01
2.459439810543736443e+06,9.949583024282199206e-01
2.459439811932601966e+06,9.930824202953506541e-01
2.459439813321467023e+06,9.904133972633119010e-01
2.459439814710333012e+06,9.887682516899251040e-01
2.459439816099198535e+06,9.859301395521928857e-01
2.459439817488064524e+06,9.839929221878631616e-01
2.459439818876929581e+06,9.816399926358103656e-01
2.459439820265795570e+06,9.802290502967933028e-01
2.459439821654661093e+06,9.794539235553578749e-01
2.459439823043526616e+06,9.786916391349024247e-01
2.459439824432392139e+06,9.775262450533059866e-01
2.459439825821258128e+06,9.775271176682693852e-01
2.459439827210123651e+06,9.775709950475297561e-01
2.459439828598988708e+06,9.770194358184930428e-01
2.459439829987854697e+06,9.762587665141466697e-01
2.459439831376720220e+06,9.760977149270306796e-01
2.459439832765585743e+06,9.760730839233343614e-01
2.459439834154451266e+06,9.762132444868987236e-01
2.459439835543317255e+06,9.768551857507368208e-01
2.459439836932182778e+06,9.754852257635284740e-01
2.459439838321048301e+06,9.750499008160342651e-01
2.459439839709913824e+06,9.753842393368932218e-01
2.459439841098779347e+06,9.751731359589035364e-01
2.459439842487644870e+06,9.748824742725110681e-01
2.459439843876510393e+06,9.747883795047432853e-01
2.459439845265376382e+06,9.742024800376235527e-01
2.459439846654241905e+06,9.746433739048295797e-01
2.459439848043106962e+06,9.740806496063428854e-01
2.459439849431972951e+06,9.746916498504705206e-01
2.459439850820838474e+06,9.746987353243690144e-01
2.459439852209703997e+06,9.752382399310685068e-01
2.459439853598569520e+06,9.747135035395360081e-01
2.459439854987435043e+06,9.753891884110361676e-01
2.459439856376301032e+06,9.756584810592390244e-01
2.459439857765166089e+06,9.760299686648767903e-01
2.459439859154032078e+06,9.764391445397688774e-01
2.459439860542897601e+06,9.771455877465302642e-01
2.459439861931763124e+06,9.780690828876358323e-01
2.459439863320628647e+06,9.779320427899527157e-01
2.459439864709494170e+06,9.793369462784622392e-01
2.459439866098360159e+06,9.814081165963594033e-01
2.459439867487225216e+06,9.828945465741026899e-01
2.459439868876090739e+06,9.850407324299592648e-01
2.459439870264956728e+06,9.869535588561952899e-01
2.459439871653822251e+06,9.897151200012969108e-01
2.459439873042687308e+06,9.919318395313106995e-01
2.459439874431553297e+06,9.939640573923972378e-01
2.459439875820418820e+06,9.960307367363480102e-01
2.459439877209284343e+06,9.981171247065454555e-01
2.459439878598149866e+06,9.991156853993304887e-01
2.459439879987015389e+06,9.995413347790500502e-01
2.459439881375881378e+06,9.998755403646107931e-01
2.459439882764746435e+06,9.995955636196980354e-01
2.459439884153611958e+06,1.001065793274617644e+00
2.459439885542477947e+06,9.998308872487310373e-01
2.459439886931343004e+06,1.000168138319219135e+00
2.459439888320208527e+06,1.000123608939661457e+00
2.459439889709074516e+06,9.999738392277196519e-01
2.459439891097940039e+06,1.000088635797717007e+00
2.459439892486805096e+06,1.000442145925356296e+00
2.459439893875671085e+06,1.000312480832030282e+00
2.459439895264536608e+06,1.000023113547782172e+00
2.459439896653401665e+06,1.000345868844216835e+00
2.459439898042267654e+06,1.000165258880395314e+00
2.459439899431133177e+06,1.000064920998550599e+00
2.459439900819998700e+06,1.000390417947877975e+00
2.459439902208864223e+06,1.000348372019270737e+00
2.459439903597729746e+06,9.998520031092485993e-01
2.459439904986595269e+06,1.000361387196489371e+00
2.459439906375460792e+06,9.998643678196615925e-01
2.459439907764326315e+06,9.999665554935438516e-01
2.459439909153191838e+06,1.000102124067125064e+00
2.459439910542057361e+06,9.999350832159117353e-01
2.459439911930922884e+06,9.998258645695728974e-01
2.459439913319788408e+06,1.000051356814186221e+00
2.459439914708653931e+06,1.000131616765658871e+00
2.459439916097519919e+06,9.995194554840030055e-01
2.459439917486384977e+06,9.993212662928038226e-01
2.459439918875250500e+06,9.999073802586784243e-01
2.459439920264116023e+06,9.997774379265599309e-01
2.459439921652981546e+06,9.999819060079816468e-01
2.459439923041847069e+06,9.996262948007323956e-01
2.459439924430712592e+06,9.996248616072548332e-01
2.459439925819578581e+06,1.000004180147642918e+00
2.459439927208443638e+06,9.997512812152524742e-01
2.459439928597309161e+06,1.000309449064815226e+00
2.459439929986174684e+06,1.000080556315104507e+00
2.459439931375040207e+06,1.000663088077134111e+00
2.459439932763905730e+06,1.000000000000000000e+00
2.459439934152771253e+06,9.999152656082809232e-01
2.459439935541636776e+06,1.000105514402417350e+00
2.459439936930502299e+06,1.000370643970460938e+00
2.459439938319367822e+06,9.999549777716182364e-01
2.459439939708233345e+06,1.000822694964316195e+00
2.459439941097098403e+06,1.000243908395291204e+00
2.459439942485964391e+06,9.996833668983527987e-01
2.459439943874829914e+06,9.998521640649293829e-01
2.459439945263695437e+06,1.000091471992135883e+00
2.459439946652560495e+06,9.996111440282398064e-01
2.459439948041426484e+06,1.000472322983662732e+00
2.459439949430292007e+06,1.000312792328581502e+00
2.459439950819157530e+06,9.998896062195939960e-01
2.459439952208022587e+06,9.997540183813943271e-01
2.459439953596888110e+06,9.999326535762652624e-01
2.459439954985754099e+06,1.000114154576401404e+00
2.459439956374619156e+06,1.000041373559179325e+00
2.459439957763484679e+06,9.999435226510586805e-01
2.459441948006613180e+06,9.998400453169151714e-01
2.459441949395476840e+06,9.997016200427357724e-01
2.459441950784340966e+06,9.996374471796504180e-01
2.459441952173205093e+06,1.000419389937933667e+00
2.459441953562069219e+06,1.000117376282237514e+00
2.459441954950932879e+06,1.000405866666984833e+00
2.459441956339797005e+06,1.000044135390678823e+00
2.459441957728661131e+06,1.000007216784881692e+00
2.459441959117524792e+06,9.999788267881567494e-01
2.459441960506388918e+06,9.997910114526797898e-01
2.459441961895253044e+06,1.000044314637745124e+00
2.459441963284117170e+06,9.996229975434899329e-01
2.459441964672980830e+06,9.999221650451747267e-01
2.459441966061844490e+06,9.999737565902271363e-01
2.459441967450708617e+06,9.998830944702848944e-01
2.459441968839572743e+06,1.000184002088975399e+00
2.459441970228436403e+06,9.997704912596415694e-01
2.459441971617300529e+06,9.999323053649519233e-01
2.459441973006164655e+06,1.000279485762896270e+00
2.459441974395028315e+06,9.996012288069303642e-01
2.459441975783892442e+06,1.000380639807683325e+00
2.459441977172756568e+06,9.998449289407745910e-01
2.459441978561620694e+06,1.000000000000000000e+00
2.459441979950484354e+06,1.000002266428309916e+00
2.459441981339348480e+06,1.000020517093989758e+00
2.459441982728212606e+06,1.000091491924943066e+00
2.459441984117075801e+06,9.999844332513623257e-01
2.459441985505939927e+06,9.996861600332138664e-01
2.459441986894804053e+06,9.998339546811986223e-01
2.459441988283668179e+06,9.996149472744368936e-01
2.459441989672531839e+06,1.000275961180784545e+00
2.459441991061395966e+06,1.000156439631985750e+00
2.459441992450260092e+06,1.000110396301849169e+00
2.459441993839123752e+06,1.000245834178226767e+00
2.459441995227987878e+06,1.000134372159949381e+00
2.459441996616852004e+06,1.000208798024738499e+00
2.459441998005715664e+06,1.000074969287641391e+00
2.459441999394579325e+06,9.998250175936639339e-01
2.459442000783443451e+06,9.999484117990863341e-01
2.459442002172307577e+06,1.000040196962731720e+00
2.459442003561171237e+06,9.996491513075689284e-01
2.459442004950035363e+06,1.000119338460573326e+00
2.459442006338899489e+06,9.998454146477732118e-01
2.459442007727763616e+06,9.998088556890868395e-01
2.459442009116626810e+06,9.999694654886071010e-01
2.459442010505490936e+06,9.999258115553869564e-01
2.459442011894355062e+06,1.000537216559819642e+00
2.459442013283219188e+06,1.000415627052341216e+00
2.459442014672082849e+06,1.000401194984937403e+00
2.459442016060946975e+06,1.000431141038483629e+00
2.459442017449811101e+06,9.998020108562736263e-01
2.459442018838674761e+06,1.000029542607397737e+00
2.459442020227538422e+06,1.000155329354503131e+00
2.459442021616402548e+06,9.999156451722108763e-01
2.459442023005266674e+06,9.999793471875803030e-01
2.459442024394130334e+06,9.997199819613636906e-01
2.459442025782994460e+06,9.989560664471205387e-01
2.459442027171858586e+06,9.976595700626764707e-01
2.459442028560721781e+06,9.956945743435942076e-01
2.459442029949585907e+06,9.936927810163250774e-01
2.459442031338450033e+06,9.917182429194092430e-01
2.459442032727314159e+06,9.894056083807722946e-01
2.459442034116177820e+06,9.868305002996238251e-01
2.459442035505041946e+06,9.845896120325294820e-01
2.459442036893905606e+06,9.822299218163840218e-01
2.459442038282769267e+06,9.811737128569564259e-01
2.459442039671633393e+06,9.794026049839709147e-01
2.459442041060497519e+06,9.785222132893166558e-01
2.459442042449361645e+06,9.774893233333943332e-01
2.459442043838225305e+06,9.766933811718079284e-01
2.459442045227088965e+06,9.768526255414353709e-01
2.459442046615953092e+06,9.759881575559666844e-01
2.459442048004816752e+06,9.761624907214954128e-01
2.459442049393680878e+06,9.754237428285519318e-01
2.459442050782545004e+06,9.755640218260476226e-01
2.459442052171409130e+06,9.757546962211556263e-01
2.459442053560272325e+06,9.754856095446823305e-01
2.459442054949136451e+06,9.756356694272235730e-01
2.459442056338000577e+06,9.755746054014162727e-01
2.459442057726864703e+06,9.757686792547691779e-01
2.459442059115728363e+06,9.751644184484138389e-01
2.459442060504592024e+06,9.755661571241172059e-01
2.459442061893456150e+06,9.752539510588554839e-01
2.459442063282319810e+06,9.755544218276810398e-01
2.459442064671183936e+06,9.759654046409912409e-01
2.459442066060048062e+06,9.750420127130324799e-01
2.459442067448911723e+06,9.754095183140037983e-01
2.459442068837775383e+06,9.755589818112726519e-01
2.459442070226639509e+06,9.757386825507854411e-01
2.459442071615503635e+06,9.762471163674643071e-01
2.459442073004366830e+06,9.761440661132659846e-01
2.459442074393230956e+06,9.762575669844011372e-01
2.459442075782095082e+06,9.770615146795643691e-01
2.459442077170959208e+06,9.767933822126325660e-01
2.459442078559822869e+06,9.773271628545506795e-01
2.459442079948686529e+06,9.773173888289888867e-01
2.459442081337550655e+06,9.786213543758465194e-01
2.459442082726414315e+06,9.791347979618650887e-01
2.459442084115278441e+06,9.809729548198025118e-01
2.459442085504142102e+06,9.823684074610979922e-01
2.459442086893006228e+06,9.843002580721854633e-01
2.459442088281869888e+06,9.862876927545317640e-01
2.459442089670734014e+06,9.888873869081880041e-01
2.459442091059597675e+06,9.908531128605281291e-01
2.459442092448461335e+06,9.930107588596005508e-01
2.459442093837325461e+06,9.947305314301377877e-01
2.459442095226189587e+06,9.967953187315666819e-01
2.459442096615053248e+06,9.986670528876183672e-01
2.459442098003916908e+06,9.995247956910900955e-01
2.459442099392781034e+06,1.000061260327788526e+00
2.459442100781645160e+06,9.997842416993684145e-01
2.459442102170508355e+06,9.997188241426867572e-01
2.459442103559372481e+06,9.995591761167034184e-01
2.459442104948236607e+06,1.000256071124233204e+00
2.459442106337100733e+06,1.000196438604655569e+00
2.459442107725963928e+06,1.000317454245474913e+00
2.459442109114828054e+06,9.999394062287534357e-01
2.459442110503692180e+06,1.000002147023390631e+00
2.459442111892556306e+06,9.998921120746210311e-01
2.459442113281419501e+06,1.000062384944210736e+00
2.459442114670283627e+06,9.999103589185958096e-01
2.459442116059147753e+06,1.000155480277204578e+00
2.459442117448010948e+06,1.000103477895034176e+00
2.459442118836875074e+06,9.996654115324832279e-01
2.459442120225739200e+06,9.999061840179315208e-01
2.459442121614603326e+06,9.999196058875446935e-01
2.459442123003466520e+06,1.000478488018416767e+00
2.459442124392330647e+06,1.000061488375327379e+00
2.459442125781194773e+06,9.998402853917552902e-01
2.459442127170057967e+06,9.998115390242147127e-01
2.459442128558922093e+06,1.000035307836621978e+00
2.459442129947786219e+06,9.997831971401823781e-01
2.459442131336650345e+06,1.000686795039783084e+00
2.459442132725513540e+06,1.000234640850685919e+00
2.459442134114377666e+06,9.999412511407567150e-01
2.459442135503241792e+06,9.998621042004360859e-01
2.459442136892104987e+06,1.000075507132382358e+00
2.459442138280969113e+06,9.998376503605480581e-01
2.459442139669833239e+06,1.000031789991854492e+00
2.459442141058696900e+06,1.000164970559375366e+00
2.459442142447560560e+06,1.000045864916905280e+00
2.459442143836424686e+06,1.000460791124564208e+00
2.459442145225288346e+06,9.999322471243198285e-01
2.459442146614152007e+06,1.000241727469306063e+00
2.459442148003016133e+06,9.999335615420807954e-01
2.459442149391879793e+06,9.996104344639779038e-01
2.459442150780743919e+06,9.995762481385931375e-01
2.459442152169607580e+06,9.996841489469117104e-01
2.459442153558471240e+06,9.998529840480833153e-01
2.459442154947335366e+06,9.999887873762078883e-01
2.459442156336199492e+06,1.000219003073199886e+00
2.459442157725062687e+06,1.000473239823688854e+00
2.459442159113926813e+06,9.998579385935694175e-01
2.459442160502790939e+06,1.000096675709413852e+00
2.459442161891654134e+06,1.000090353917188146e+00
2.459442163280518260e+06,9.999147154445021668e-01
2.459442164669382386e+06,1.000218645225041225e+00
2.459442166058246046e+06,1.000230990986520574e+00
2.459442167447109707e+06,1.000011449999284485e+00
2.459442168835973833e+06,1.000357752842223835e+00
2.459442170224837493e+06,9.997497698073060102e-01
2.459442171613701154e+06,9.998888408630528524e-01
2.459442173002565280e+06,1.000229056998398036e+00
2.459442174391428940e+06,9.997472083790135411e-01
2.459442175780293066e+06,9.997838241033083495e-01
2.459444166021415032e+06,1.000292288589845313e+00
2.459444167410277762e+06,9.998535480809819243e-01
2.459444168799140956e+06,1.000010911630343058e+00
2.459444170188003685e+06,1.000000000000000000e+00
2.459444171576866880e+06,1.000095282979716949e+00
2.459444172965729609e+06,9.998171854719571927e-01
2.459444174354592804e+06,1.000030409153369826e+00
2.459444175743455533e+06,1.000084073217397451e+00
2.459444177132318728e+06,1.000289077710325714e+00
2.459444178521181457e+06,1.000047879995439759e+00
2.459444179910044186e+06,9.998198090333512145e-01
2.459444181298907381e+06,1.000041083857758695e+00
2.459444182687770575e+06,9.999279713144567650e-01
2.459444184076633304e+06,9.997966760529586328e-01
2.459444185465496033e+06,1.000071193916008738e+00
2.459444186854359228e+06,1.000025281335350513e+00
2.459444188243222423e+06,9.995826790893423963e-01
2.459444189632084686e+06,1.000114958435787793e+00
2.459444191020947881e+06,9.995998513171278077e-01
2.459444192409811076e+06,9.999589178300553050e-01
2.459444193798674271e+06,9.993708286541993502e-01
2.459444195187536534e+06,1.000029932147042500e+00
2.459444196576399729e+06,9.996608485012401513e-01
2.459444197965262923e+06,9.999527158004952732e-01
2.459444199354126118e+06,1.000262776125116604e+00
2.459444200742988382e+06,9.998908206915003705e-01
2.459444202131851576e+06,9.999506288560026102e-01
2.459444203520714771e+06,1.000761198096945082e+00
2.459444204909577500e+06,1.000460310556984034e+00
2.459444206298440229e+06,9.997721104988609442e-01
2.459444207687303424e+06,1.000011567389644362e+00
2.459444209076166619e+06,1.000006558829179770e+00
2.459444210465029348e+06,1.000228605009776839e+00
2.459444211853892077e+06,9.996594106588007067e-01
2.459444213242755271e+06,9.999782361502910222e-01
2.459444214631618001e+06,1.000263551275928142e+00
2.459444216020480730e+06,9.996966243375731143e-01
2.459444217409343924e+06,1.000201833061579171e+00
2.459444218798207119e+06,9.999722145968051867e-01
2.459444220187069848e+06,1.000042632110052176e+00
2.459444221575932577e+06,9.998035332532043684e-01
2.459444222964795772e+06,1.000255673409655266e+00
2.459444224353658501e+06,1.000178457715121150e+00
2.459444225742521696e+06,9.999934412138381523e-01
2.459444227131384425e+06,9.996464218005466362e-01
2.459444228520247620e+06,1.000091584046249871e+00
2.459444229909110349e+06,1.000095042774018284e+00
2.459444231297973543e+06,9.995528290982572672e-01
2.459444232686836272e+06,9.999407320345022887e-01
2.459444234075699002e+06,9.997528633567488443e-01
2.459444235464562196e+06,9.999272601436027808e-01
2.459444236853424925e+06,9.998866569942531646e-01
2.459444238242288120e+06,9.999009664742002368e-01
2.459444239631150849e+06,1.000264606133353107e+00
2.459444241020014044e+06,9.997240059055223504e-01
2.459444242408876773e+06,9.997759970159963983e-01
2.459444243797739502e+06,9.992120246375856274e-01
2.459444245186602697e+06,9.975442547497636037e-01
2.459444246575465892e+06,9.961530751847502696e-01
2.459444247964328621e+06,9.945021785586990459e-01
2.459444249353191350e+06,9.924084035282885186e-01
2.459444250742054544e+06,9.903419953782764962e-01
2.459444252130917273e+06,9.879208909940784267e-01
2.459444253519780468e+06,9.857754825901923201e-01
2.459444254908643197e+06,9.836402696907685650e-01
2.459444256297506392e+06,9.816415334563391992e-01
2.459444257686369121e+06,9.802616822296172927e-01
2.459444259075231850e+06,9.785892617608125121e-01
2.459444260464095045e+06,9.778531582632059571e-01
2.459444261852958240e+06,9.771694036130721406e-01
2.459444263241820969e+06,9.770193329421280604e-01
2.459444264630683698e+06,9.770800886090696968e-01
2.459444266019546892e+06,9.762128745014487796e-01
2.459444267408409622e+06,9.761528343085045245e-01
2.459444268797272351e+06,9.763911467724550874e-01
2.459444270186135545e+06,9.760700778161444102e-01
2.459444271574998740e+06,9.762422685581731985e-01
2.459444272963861469e+06,9.755569040915453849e-01
2.459444274352724198e+06,9.756782365569292015e-01
2.459444275741587393e+06,9.752906285188650548e-01
2.459444277130450122e+06,9.744824410160255468e-01
2.459444278519312851e+06,9.745985862949286815e-01
2.459444279908176046e+06,9.748706452824208446e-01
2.459444281297039241e+06,9.748165673727878788e-01
2.459444282685901970e+06,9.751561790301964683e-01
2.459444284074764699e+06,9.755068209117309097e-01
2.459444285463627893e+06,9.756375141619134661e-01
2.459444286852491088e+06,9.754758766613454979e-01
2.459444288241353352e+06,9.755695441321652339e-01
2.459444289630216546e+06,9.756576070566723713e-01
2.459444291019079741e+06,9.755716905541572670e-01
2.459444292407942470e+06,9.756540296866855755e-01
2.459444293796805199e+06,9.761026318830238191e-01
2.459444295185668394e+06,9.762709471409003470e-01
2.459444296574531589e+06,9.768327134744859697e-01
2.459444297963394318e+06,9.774706181659563731e-01
2.459444299352257047e+06,9.778444533295714836e-01
2.459444300741120242e+06,9.788708604016027603e-01
2.459444302129982971e+06,9.802436165111841904e-01
2.459444303518845700e+06,9.816000359644929674e-01
2.459444304907708894e+06,9.840167878818738556e-01
2.459444306296571624e+06,9.858207959433578083e-01
2.459444307685434818e+06,9.880263041630211740e-01
2.459444309074297547e+06,9.900020856067022201e-01
2.459444310463160742e+06,9.920684937567142425e-01
2.459444311852023471e+06,9.945363424420725629e-01
2.459444313240886200e+06,9.963151300451499326e-01
2.459444314629749395e+06,9.982336139462099078e-01
2.459444316018612124e+06,9.991528787871379880e-01
2.459444317407475319e+06,9.997510150489222758e-01
2.459444318796338048e+06,1.000629020889336473e+00
2.459444320185201243e+06,1.000434054225058711e+00
2.459444321574063972e+06,1.000110540732590536e+00
2.459444322962926701e+06,9.996711800753846910e-01
2.459444324351789895e+06,9.998787867802823026e-01
2.459444325740652625e+06,1.000320293859480181e+00
2.459444327129515819e+06,9.998219065974930375e-01
2.459444328518378548e+06,1.000238968315114718e+00
2.459444329907241743e+06,1.000128308237406838e+00
2.459444331296104472e+06,1.000540898341996332e+00
2.459444332684967201e+06,9.998282863737307791e-01
2.459444334073830396e+06,9.997708816376805752e-01
2.459444335462693125e+06,1.000518929540886948e+00
2.459444336851556320e+06,1.000213796109101549e+00
2.459444338240419049e+06,9.995309471719041605e-01
2.459444339629281778e+06,1.000316222688977907e+00
2.459444341018144973e+06,1.000182018546932783e+00
2.459444342407008167e+06,9.996459202609327965e-01
2.459444343795870896e+06,1.000012877794854038e+00
2.459444345184733626e+06,9.993193846941923475e-01
2.459444346573596820e+06,9.999298884642318086e-01
2.459444347962459549e+06,9.996631046938381226e-01
2.459444349351322278e+06,1.000057172014614748e+00
2.459444350740185473e+06,1.000166390868783894e+00
2.459444352129048668e+06,9.995619221387548325e-01
2.459444353517911397e+06,1.000230011724755341e+00
2.459444354906774126e+06,1.000052643948408315e+00
2.459444356295637321e+06,9.998125589553953363e-01
2.459444357684500050e+06,9.999871223709813073e-01
2.459444359073362779e+06,9.998660368870144755e-01
2.459444360462225974e+06,1.000090140807452954e+00
2.459444361851089168e+06,1.000000000000000000e+00
2.459444363239951432e+06,1.000077323166181476e+00
2.459444364628814626e+06,9.999338252008778127e-01
2.459444366017677821e+06,9.993997236546855456e-01
2.459444367406540550e+06,1.000298617458992512e+00
2.459444368795403279e+06,1.000109568828181139e+00
2.459444370184266474e+06,1.000228198843458705e+00
2.459444371573129669e+06,9.998454829147740419e-01
2.459444372961991932e+06,9.995204128276841127e-01
2.459444374350855127e+06,9.997886716562014442e-01
2.459444375739718322e+06,9.995504343664877167e-01
2.459444377128580585e+06,1.000103135996018633e+00
2.459444378517443780e+06,1.000304936774355502e+00
2.459444379906306975e+06,1.000128115176557309e+00
2.459444381295169704e+06,1.000188854215276146e+00
2.459444382684032433e+06,1.000478454523928917e+00
2.459444384072895627e+06,1.000006378518960348e+00
2.459444385461758822e+06,9.995746011110445695e-01
2.459444386850621551e+06,9.999478385611216824e-01
2.459444388239484280e+06,1.000129179088057541e+00
2.459444389628347475e+06,9.999811030129606149e-01
2.459444391017210204e+06,9.999233986487521264e-01
2.459444392406072933e+06,1.000286142750418383e+00
2.459444393794936128e+06,1.000032250063054517e+00
2.459444395183798857e+06,9.997696594387380786e-01
2.459446385424609762e+06,1.000000000000000000e+00
2.459446386813472491e+06,9.999626156277170441e-01
2.459446388202335685e+06,1.000270574611515473e+00
2.459446389591198880e+06,9.999469344635855128e-01
2.459446390980061609e+06,9.999811585376687795e-01
2.459446392368924804e+06,1.000047878231169474e+00
2.459446393757788464e+06,1.000357625940914597e+00
2.459446395146651659e+06,9.999885521539420008e-01
2.459446396535514388e+06,1.000389449472746772e+00
2.459446397924377583e+06,9.993914449453233928e-01
2.459446399313240778e+06,9.997446995342466058e-01
2.459446400702103507e+06,9.997760605909925546e-01
2.459446402090966702e+06,1.000528248978649115e+00
2.459446403479829896e+06,9.999091966936148879e-01
2.459446404868693091e+06,1.000452704862365039e+00
2.459446406257555820e+06,1.000226561105885370e+00
2.459446407646419015e+06,1.000335366938829518e+00
2.459446409035282210e+06,9.999833657998340453e-01
2.459446410424144939e+06,9.996570016001623538e-01
2.459446411813008133e+06,9.998194759891141370e-01
2.459446413201871328e+06,9.999571344901496683e-01
2.459446414590734523e+06,1.000066593566763418e+00
2.459446415979597252e+06,1.000045729145259132e+00
2.459446417368460447e+06,1.000257740671388618e+00
2.459446418757323641e+06,1.000295063285380870e+00
2.459446420146186836e+06,9.999460433595562803e-01
2.459446421535049565e+06,9.999246425529195736e-01
2.459446422923912760e+06,1.000244791766030206e+00
2.459446424312775955e+06,1.000200674973791726e+00
2.459446425701638684e+06,1.000067606883263016e+00
2.459446427090501878e+06,9.997939003567545280e-01
2.459446428479365073e+06,1.000010910105500139e+00
2.459446429868228268e+06,9.998006366273440859e-01
2.459446431257090531e+06,9.999971383329835373e-01
2.459446432645953726e+06,1.000268877463418304e+00
2.459446434034816921e+06,9.998968607512830342e-01
2.459446435423679650e+06,9.998732519983974942e-01
2.459446436812542845e+06,9.997819171261231874e-01
2.459446438201406039e+06,9.995593020183395350e-01
2.459446439590269234e+06,1.000097597433777796e+00
2.459446440979131963e+06,1.000000000000000000e+00
2.459446442367995158e+06,1.000063257453603027e+00
2.459446443756857887e+06,1.000088238483819669e+00
2.459446445145720616e+06,1.000034163249894581e+00
2.459446446534583811e+06,1.000237958132008886e+00
2.459446447923447005e+06,1.000199798972779330e+00
2.459446449312310200e+06,1.000705944445749562e+00
2.459446450701172929e+06,1.000032852651149273e+00
2.459446452090036124e+06,1.000361081044211176e+00
2.459446453478898853e+06,9.998363434816942563e-01
2.459446454867761582e+06,1.000228141326612530e+00
2.459446456256624777e+06,1.000506475354066449e+00
2.459446457645487972e+06,9.998115715171570494e-01
2.459446459034351166e+06,9.999999333617920483e-01
2.459446460423213430e+06,9.999897482252684267e-01
2.459446461812076624e+06,1.000020643843363644e+00
2.459446463200939819e+06,9.984805133282868006e-01
2.459446464589802548e+06,9.967667580361678770e-01
2.459446465978665277e+06,9.954994650416219004e-01
2.459446467367528472e+06,9.931164320838674620e-01
2.459446468756391667e+06,9.908617088803421957e-01
2.459446470145254396e+06,9.887132943035956689e-01
2.459446471534117125e+06,9.865537295196582512e-01
2.459446472922980320e+06,9.841517934186938543e-01
2.459446474311843514e+06,9.824084016768188654e-01
2.459446475700705778e+06,9.802254626973294638e-01
2.459446477089568973e+06,9.788264572099419913e-01
2.459446478478432167e+06,9.781952274609369002e-01
2.459446479867294896e+06,9.770621436780000391e-01
2.459446481256157625e+06,9.769489255343748457e-01
2.459446482645020820e+06,9.760706736584262577e-01
2.459446484033884015e+06,9.760012788970239273e-01
2.459446485422746278e+06,9.768415655325176639e-01
2.459446486811609473e+06,9.758750699587255273e-01
2.459446488200472202e+06,9.756470756042180392e-01
2.459446489589334931e+06,9.753761519859898144e-01
2.459446490978198126e+06,9.752434961284113246e-01
2.459446492367060855e+06,9.750609946470329970e-01
2.459446493755924050e+06,9.749634572020747791e-01
2.459446495144786779e+06,9.749709770896430872e-01
2.459446496533649508e+06,9.749029534549223941e-01
2.459446497922512703e+06,9.755696160113421778e-01
2.459446499311374966e+06,9.758537911055167324e-01
2.459446500700238161e+06,9.759644009344018434e-01
2.459446502089100890e+06,9.758841544804955914e-01
2.459446503477964085e+06,9.759270315091792547e-01
2.459446504866826348e+06,9.764510144460758490e-01
2.459446506255689543e+06,9.759162543631882958e-01
2.459446507644552272e+06,9.760852361637849528e-01
2.459446509033415001e+06,9.763641050467416482e-01
2.459446510422277730e+06,9.757985191305218464e-01
2.459446511811140925e+06,9.760388113083963146e-01
2.459446513200003654e+06,9.765187921360900525e-01
2.459446514588866383e+06,9.771153976997964952e-01
2.459446515977729112e+06,9.771608387721087974e-01
2.459446517366592307e+06,9.779186083810408325e-01
2.459446518755455036e+06,9.781790539214096913e-01
2.459446520144317765e+06,9.795849970743661927e-01
2.459446521533180494e+06,9.811256313735006174e-01
2.459446522922043689e+06,9.826059265026610978e-01
2.459446524310905952e+06,9.848089255943335285e-01
2.459446525699768681e+06,9.869032901542164060e-01
2.459446527088631876e+06,9.888945055575959486e-01
2.459446528477494605e+06,9.914846456812859143e-01
2.459446529866357334e+06,9.935885517819701418e-01
2.459446531255220063e+06,9.954860993240246536e-01
2.459446532644082792e+06,9.969421306384186332e-01
2.459446534032945521e+06,9.988228054757449792e-01
2.459446535421808250e+06,9.998073894427299546e-01
2.459446536810670979e+06,9.998594518298090650e-01
2.459446538199534174e+06,9.995321256620968153e-01
2.459446539588396437e+06,9.999899305293021845e-01
2.459446540977259167e+06,9.997300988669698407e-01
2.459446542366121896e+06,9.997373238807453211e-01
2.459446543754984625e+06,9.993329034405580291e-01
2.459446545143847354e+06,9.999425117447610090e-01
2.459446546532710083e+06,9.995447691380306976e-01
2.459446547921572812e+06,9.996814799365154602e-01
2.459446549310435541e+06,9.997020507755086660e-01
2.459446550699298270e+06,1.000197422735920272e+00
2.459446552088160999e+06,1.000044123474654434e+00
2.459446553477023263e+06,9.996591163451357120e-01
2.459446554865885992e+06,9.998512195110316192e-01
2.459446556254749186e+06,1.000086227088997415e+00
2.459446557643611915e+06,9.996034980193089226e-01
2.459446559032474179e+06,9.998416735210204909e-01
2.459446560421336908e+06,9.999791283361043615e-01
2.459446561810199637e+06,1.000378619885493370e+00
2.459446563199062366e+06,1.000053730830959609e+00
2.459446564587924629e+06,1.000358057724105354e+00
2.459446565976787824e+06,1.000066853426873292e+00
2.459446567365650553e+06,1.000063755514717823e+00
2.459446568754512817e+06,9.997581584544613653e-01
2.459446570143375546e+06,1.000316451600648193e+00
2.459446571532238275e+06,9.999611145036519932e-01
2.459446572921101004e+06,9.999262816832945600e-01
2.459446574309963267e+06,1.000135925869287457e+00
2.459446575698825996e+06,9.998164195587245784e-01
2.459446577087688725e+06,1.000342851232686847e+00
2.459446578476550989e+06,1.000000000000000000e+00
2.459446579865413718e+06,1.000476525724843802e+00
2.459446581254276447e+06,1.000808665824276522e+00
2.459446582643139176e+06,1.000292546937258997e+00
